compound,energy,A,B,Bp,X,A_oxidation,B_oxidation,Bp_oxidation,X_oxidation,A_Z,A_ionic_radii,B_Z,B_ionic_radii,Bp_Z,Bp_ionic_radii,X_Z,X_ionic_radii
Cs2Ag1Al1F6,-47.45251713,Cs,Ag,Al,F,1,1,3,-1,55,1.81,47,1.29,13,0.675,9,1.19
Cs2Ag1Au1Br6,-26.57069408,Cs,Ag,Au,Br,1,1,3,-1,55,1.81,47,1.29,79,0.99,35,1.82
Cs2Ag1Bi1Br6,-29.72289641,Cs,Ag,Bi,Br,1,1,3,-1,55,1.81,47,1.29,83,1.17,35,1.82
Cs2Ag1Bi1Cl6,-32.98683175,Cs,Ag,Bi,Cl,1,1,3,-1,55,1.81,47,1.29,83,1.17,17,1.67
Cs2Ag1Bi1F6,-42.92190708,Cs,Ag,Bi,F,1,1,3,-1,55,1.81,47,1.29,83,1.17,9,1.19
Cs2Ag1Bi1I6,-26.29603048,Cs,Ag,Bi,I,1,1,3,-1,55,1.81,47,1.29,83,1.17,53,2.06
Cs2Ag1Ce1Br6,-35.98773822,Cs,Ag,Ce,Br,1,1,3,-1,55,1.81,47,1.29,58,1.15,35,1.82
Cs2Ag1Ce1Cl6,-39.72769706,Cs,Ag,Ce,Cl,1,1,3,-1,55,1.81,47,1.29,58,1.15,17,1.67
Cs2Ag1Ce1F6,-50.68236664,Cs,Ag,Ce,F,1,1,3,-1,55,1.81,47,1.29,58,1.15,9,1.19
Cs2Ag1Ce1I6,-31.90346407,Cs,Ag,Ce,I,1,1,3,-1,55,1.81,47,1.29,58,1.15,53,2.06
Cs2Ag1Co1F6,-43.57162692,Cs,Ag,Co,F,1,1,3,-1,55,1.81,47,1.29,27,0.75,9,1.19
Cs2Ag1Ga1F6,-43.27829461,Cs,Ag,Ga,F,1,1,3,-1,55,1.81,47,1.29,31,0.76,9,1.19
Cs2Ag1In1Br6,-28.75929002,Cs,Ag,In,Br,1,1,3,-1,55,1.81,47,1.29,49,0.94,35,1.82
Cs2Ag1In1Cl6,-32.21146097,Cs,Ag,In,Cl,1,1,3,-1,55,1.81,47,1.29,49,0.94,17,1.67
Cs2Ag1Ir1F6,-43.83824902,Cs,Ag,Ir,F,1,1,3,-1,55,1.81,47,1.29,77,0.82,9,1.19
Cs2Ag1Mo1Br6,-35.42235616,Cs,Ag,Mo,Br,1,1,3,-1,55,1.81,47,1.29,42,0.83,35,1.82
Cs2Ag1Mo1Cl6,-39.10668068,Cs,Ag,Mo,Cl,1,1,3,-1,55,1.81,47,1.29,42,0.83,17,1.67
Cs2Ag1Mo1F6,-49.37460068,Cs,Ag,Mo,F,1,1,3,-1,55,1.81,47,1.29,42,0.83,9,1.19
Cs2Ag1Nb1F6,-49.81448584,Cs,Ag,Nb,F,1,1,3,-1,55,1.81,47,1.29,41,0.86,9,1.19
Cs2Ag1Nd1Br6,-35.01573291,Cs,Ag,Nd,Br,1,1,3,-1,55,1.81,47,1.29,60,1.123,35,1.82
Cs2Ag1Nd1Cl6,-38.77256067,Cs,Ag,Nd,Cl,1,1,3,-1,55,1.81,47,1.29,60,1.123,17,1.67
Cs2Ag1Nd1F6,-49.73529278,Cs,Ag,Nd,F,1,1,3,-1,55,1.81,47,1.29,60,1.123,9,1.19
Cs2Ag1Nd1I6,-30.92938048,Cs,Ag,Nd,I,1,1,3,-1,55,1.81,47,1.29,60,1.123,53,2.06
Cs2Ag1Pr1Cl6,-38.73666639,Cs,Ag,Pr,Cl,1,1,3,-1,55,1.81,47,1.29,59,1.13,17,1.67
Cs2Ag1Pr1F6,-49.60795691,Cs,Ag,Pr,F,1,1,3,-1,55,1.81,47,1.29,59,1.13,9,1.19
Cs2Ag1Pr1I6,-30.94480383,Cs,Ag,Pr,I,1,1,3,-1,55,1.81,47,1.29,59,1.13,53,2.06
Cs2Ag1Sb1Br6,-29.468857,Cs,Ag,Sb,Br,1,1,3,-1,55,1.81,47,1.29,51,0.9,35,1.82
Cs2Ag1Sb1Cl6,-32.70258764,Cs,Ag,Sb,Cl,1,1,3,-1,55,1.81,47,1.29,51,0.9,17,1.67
Cs2Ag1Sb1F6,-42.79618334,Cs,Ag,Sb,F,1,1,3,-1,55,1.81,47,1.29,51,0.9,9,1.19
Cs2Ag1Sb1I6,-26.10703785,Cs,Ag,Sb,I,1,1,3,-1,55,1.81,47,1.29,51,0.9,53,2.06
Cs2Ag1Sc1Cl6,-39.87323555,Cs,Ag,Sc,Cl,1,1,3,-1,55,1.81,47,1.29,21,0.885,17,1.67
Cs2Ag1Sc1F6,-51.70111668,Cs,Ag,Sc,F,1,1,3,-1,55,1.81,47,1.29,21,0.885,9,1.19
Cs2Ag1Ta1Br6,-36.70824797,Cs,Ag,Ta,Br,1,1,3,-1,55,1.81,47,1.29,73,0.86,35,1.82
Cs2Ag1Ta1Cl6,-40.51833357,Cs,Ag,Ta,Cl,1,1,3,-1,55,1.81,47,1.29,73,0.86,17,1.67
Cs2Ag1Ta1F6,-52.67405346,Cs,Ag,Ta,F,1,1,3,-1,55,1.81,47,1.29,73,0.86,9,1.19
Cs2Ag1Ta1I6,-32.82298857,Cs,Ag,Ta,I,1,1,3,-1,55,1.81,47,1.29,73,0.86,53,2.06
Cs2Ag1Tl1F6,-39.354921600000004,Cs,Ag,Tl,F,1,1,3,-1,55,1.81,47,1.29,81,1.025,9,1.19
Cs2Ag1Tl1I6,-23.99180717,Cs,Ag,Tl,I,1,1,3,-1,55,1.81,47,1.29,81,1.025,53,2.06
Cs2Ag1V1F6,-50.05088169,Cs,Ag,V,F,1,1,3,-1,55,1.81,47,1.29,23,0.78,9,1.19
Cs2Ag1Y1Br6,-36.78862246,Cs,Ag,Y,Br,1,1,3,-1,55,1.81,47,1.29,39,1.04,35,1.82
Cs2Ag1Y1Cl6,-40.65284024,Cs,Ag,Y,Cl,1,1,3,-1,55,1.81,47,1.29,39,1.04,17,1.67
Cs2Ag1Y1F6,-51.95660065,Cs,Ag,Y,F,1,1,3,-1,55,1.81,47,1.29,39,1.04,9,1.19
Cs2Ag1Y1I6,-32.60173731,Cs,Ag,Y,I,1,1,3,-1,55,1.81,47,1.29,39,1.04,53,2.06
Cs2Au1Al1F6,-46.07411162,Cs,Au,Al,F,1,1,3,-1,55,1.81,79,1.51,13,0.675,9,1.19
Cs2Au1Bi1Br6,-29.17508949,Cs,Au,Bi,Br,1,1,3,-1,55,1.81,79,1.51,83,1.17,35,1.82
Cs2Au1Ga1F6,-41.9110935,Cs,Au,Ga,F,1,1,3,-1,55,1.81,79,1.51,31,0.76,9,1.19
Cs2Au1In1F6,-41.07653604,Cs,Au,In,F,1,1,3,-1,55,1.81,79,1.51,49,0.94,9,1.19
Cs2Au1Nb1F6,-50.41551445,Cs,Au,Nb,F,1,1,3,-1,55,1.81,79,1.51,41,0.86,9,1.19
Cs2Au1Rh1F6,-41.99680806,Cs,Au,Rh,F,1,1,3,-1,55,1.81,79,1.51,45,0.805,9,1.19
Cs2Au1Sb1F6,-41.54463698,Cs,Au,Sb,F,1,1,3,-1,55,1.81,79,1.51,51,0.9,9,1.19
Cs2Au1Sc1F6,-50.33021816,Cs,Au,Sc,F,1,1,3,-1,55,1.81,79,1.51,21,0.885,9,1.19
Cs2Au1Tl1Br6,-27.00898397,Cs,Au,Tl,Br,1,1,3,-1,55,1.81,79,1.51,81,1.025,35,1.82
Cs2Au1Tl1I6,-24.14239773,Cs,Au,Tl,I,1,1,3,-1,55,1.81,79,1.51,81,1.025,53,2.06
Cs2Au1Y1I6,-32.0930327,Cs,Au,Y,I,1,1,3,-1,55,1.81,79,1.51,39,1.04,53,2.06
Cs2Cs1In1F6,-43.77145805,Cs,Cs,In,F,1,1,3,-1,55,1.81,55,1.81,49,0.94,9,1.19
Cs2Cs1Pd1F6,-41.08513131,Cs,Cs,Pd,F,1,1,3,-1,55,1.81,55,1.81,46,0.9,9,1.19
Cs2Cs1Sc1Cl6,-40.65094195,Cs,Cs,Sc,Cl,1,1,3,-1,55,1.81,55,1.81,21,0.885,17,1.67
Cs2Cs1Sc1F6,-53.00505793,Cs,Cs,Sc,F,1,1,3,-1,55,1.81,55,1.81,21,0.885,9,1.19
Cs2Cs1Tl1Br6,-27.49035283,Cs,Cs,Tl,Br,1,1,3,-1,55,1.81,55,1.81,81,1.025,35,1.82
Cs2Cs1Tl1I6,-23.92874797,Cs,Cs,Tl,I,1,1,3,-1,55,1.81,55,1.81,81,1.025,53,2.06
Cs2Cs1Y1F6,-53.21074559,Cs,Cs,Y,F,1,1,3,-1,55,1.81,55,1.81,39,1.04,9,1.19
Cs2Cu1Bi1Br6,-30.52221878,Cs,Cu,Bi,Br,1,1,3,-1,55,1.81,29,0.91,83,1.17,35,1.82
Cs2Cu1Bi1Cl6,-33.84201927,Cs,Cu,Bi,Cl,1,1,3,-1,55,1.81,29,0.91,83,1.17,17,1.67
Cs2Cu1Bi1F6,-43.66620387,Cs,Cu,Bi,F,1,1,3,-1,55,1.81,29,0.91,83,1.17,9,1.19
Cs2Cu1Bi1I6,-27.01375726,Cs,Cu,Bi,I,1,1,3,-1,55,1.81,29,0.91,83,1.17,53,2.06
Cs2Cu1Ce1I6,-32.54660554,Cs,Cu,Ce,I,1,1,3,-1,55,1.81,29,0.91,58,1.15,53,2.06
Cs2Cu1Mo1Br6,-36.06139458,Cs,Cu,Mo,Br,1,1,3,-1,55,1.81,29,0.91,42,0.83,35,1.82
Cs2Cu1Mo1Cl6,-39.78146599,Cs,Cu,Mo,Cl,1,1,3,-1,55,1.81,29,0.91,42,0.83,17,1.67
Cs2Cu1Mo1F6,-49.99154014,Cs,Cu,Mo,F,1,1,3,-1,55,1.81,29,0.91,42,0.83,9,1.19
Cs2Cu1Mo1I6,-32.26750668,Cs,Cu,Mo,I,1,1,3,-1,55,1.81,29,0.91,42,0.83,53,2.06
Cs2Cu1Nb1F6,-50.44013697,Cs,Cu,Nb,F,1,1,3,-1,55,1.81,29,0.91,41,0.86,9,1.19
Cs2Cu1Nd1Br6,-35.70459918,Cs,Cu,Nd,Br,1,1,3,-1,55,1.81,29,0.91,60,1.123,35,1.82
Cs2Cu1Nd1I6,-31.55670968,Cs,Cu,Nd,I,1,1,3,-1,55,1.81,29,0.91,60,1.123,53,2.06
Cs2Cu1Pr1Br6,-35.699893200000005,Cs,Cu,Pr,Br,1,1,3,-1,55,1.81,29,0.91,59,1.13,35,1.82
Cs2Cu1Pr1Cl6,-39.48571989,Cs,Cu,Pr,Cl,1,1,3,-1,55,1.81,29,0.91,59,1.13,17,1.67
Cs2Cu1Pr1I6,-31.57661157,Cs,Cu,Pr,I,1,1,3,-1,55,1.81,29,0.91,59,1.13,53,2.06
Cs2Cu1Sb1Br6,-30.26922344,Cs,Cu,Sb,Br,1,1,3,-1,55,1.81,29,0.91,51,0.9,35,1.82
Cs2Cu1Sb1Cl6,-33.54988938,Cs,Cu,Sb,Cl,1,1,3,-1,55,1.81,29,0.91,51,0.9,17,1.67
Cs2Cu1Sb1I6,-26.83130912,Cs,Cu,Sb,I,1,1,3,-1,55,1.81,29,0.91,51,0.9,53,2.06
Cs2Cu1Ta1Br6,-37.33448873,Cs,Cu,Ta,Br,1,1,3,-1,55,1.81,29,0.91,73,0.86,35,1.82
Cs2Cu1Ta1Cl6,-41.17590374,Cs,Cu,Ta,Cl,1,1,3,-1,55,1.81,29,0.91,73,0.86,17,1.67
Cs2Cu1Ta1F6,-53.08121363,Cs,Cu,Ta,F,1,1,3,-1,55,1.81,29,0.91,73,0.86,9,1.19
Cs2Cu1Ta1I6,-33.40272528,Cs,Cu,Ta,I,1,1,3,-1,55,1.81,29,0.91,73,0.86,53,2.06
Cs2Cu1Tl1F6,-40.73637284,Cs,Cu,Tl,F,1,1,3,-1,55,1.81,29,0.91,81,1.025,9,1.19
Cs2Cu1Y1Br6,-37.44920223,Cs,Cu,Y,Br,1,1,3,-1,55,1.81,29,0.91,39,1.04,35,1.82
Cs2Cu1Y1Cl6,-41.35711709,Cs,Cu,Y,Cl,1,1,3,-1,55,1.81,29,0.91,39,1.04,17,1.67
Cs2Cu1Y1F6,-52.57537802,Cs,Cu,Y,F,1,1,3,-1,55,1.81,29,0.91,39,1.04,9,1.19
Cs2Cu1Y1I6,-33.20359623,Cs,Cu,Y,I,1,1,3,-1,55,1.81,29,0.91,39,1.04,53,2.06
Cs2Hg1Al1F6,-44.24385094,Cs,Hg,Al,F,1,1,3,-1,55,1.81,80,1.33,13,0.675,9,1.19
Cs2Hg1Bi1F6,-39.75544365,Cs,Hg,Bi,F,1,1,3,-1,55,1.81,80,1.33,83,1.17,9,1.19
Cs2Hg1Bi1I6,-23.55415257,Cs,Hg,Bi,I,1,1,3,-1,55,1.81,80,1.33,83,1.17,53,2.06
Cs2Hg1Co1F6,-39.18305595,Cs,Hg,Co,F,1,1,3,-1,55,1.81,80,1.33,27,0.75,9,1.19
Cs2Hg1In1Br6,-26.05186785,Cs,Hg,In,Br,1,1,3,-1,55,1.81,80,1.33,49,0.94,35,1.82
Cs2Hg1Mn1F6,-45.48681533,Cs,Hg,Mn,F,1,1,3,-1,55,1.81,80,1.33,25,0.785,9,1.19
Cs2Hg1Mo1F6,-47.6451083,Cs,Hg,Mo,F,1,1,3,-1,55,1.81,80,1.33,42,0.83,9,1.19
Cs2Hg1Tl1Br6,-24.91223197,Cs,Hg,Tl,Br,1,1,3,-1,55,1.81,80,1.33,81,1.025,35,1.82
Cs2Hg1Tl1F6,-36.65086794,Cs,Hg,Tl,F,1,1,3,-1,55,1.81,80,1.33,81,1.025,9,1.19
Cs2Hg1Tl1I6,-21.74656184,Cs,Hg,Tl,I,1,1,3,-1,55,1.81,80,1.33,81,1.025,53,2.06
Cs2Hg1Y1Br6,-33.53746832,Cs,Hg,Y,Br,1,1,3,-1,55,1.81,80,1.33,39,1.04,35,1.82
Cs2Hg1Y1F6,-48.65921397,Cs,Hg,Y,F,1,1,3,-1,55,1.81,80,1.33,39,1.04,9,1.19
Cs2K1As1F6,-44.32995151,Cs,K,As,F,1,1,3,-1,55,1.81,19,1.52,33,0.72,9,1.19
Cs2K1Au1F6,-38.41551318,Cs,K,Au,F,1,1,3,-1,55,1.81,19,1.52,79,0.99,9,1.19
Cs2K1Bi1Br6,-30.61468444,Cs,K,Bi,Br,1,1,3,-1,55,1.81,19,1.52,83,1.17,35,1.82
Cs2K1Bi1Cl6,-34.12738389,Cs,K,Bi,Cl,1,1,3,-1,55,1.81,19,1.52,83,1.17,17,1.67
Cs2K1Bi1F6,-44.872184399999995,Cs,K,Bi,F,1,1,3,-1,55,1.81,19,1.52,83,1.17,9,1.19
Cs2K1Bi1I6,-26.85147892,Cs,K,Bi,I,1,1,3,-1,55,1.81,19,1.52,83,1.17,53,2.06
Cs2K1Ce1Br6,-37.00862098,Cs,K,Ce,Br,1,1,3,-1,55,1.81,19,1.52,58,1.15,35,1.82
Cs2K1Ce1Cl6,-40.96544107,Cs,K,Ce,Cl,1,1,3,-1,55,1.81,19,1.52,58,1.15,17,1.67
Cs2K1Ce1F6,-52.20088211,Cs,K,Ce,F,1,1,3,-1,55,1.81,19,1.52,58,1.15,9,1.19
Cs2K1Ce1I6,-32.62866094,Cs,K,Ce,I,1,1,3,-1,55,1.81,19,1.52,58,1.15,53,2.06
Cs2K1Cr1F6,-52.0774651,Cs,K,Cr,F,1,1,3,-1,55,1.81,19,1.52,24,0.94,9,1.19
Cs2K1Ga1F6,-45.41239433,Cs,K,Ga,F,1,1,3,-1,55,1.81,19,1.52,31,0.76,9,1.19
Cs2K1In1Br6,-29.77539486,Cs,K,In,Br,1,1,3,-1,55,1.81,19,1.52,49,0.94,35,1.82
Cs2K1In1Cl6,-33.4952405,Cs,K,In,Cl,1,1,3,-1,55,1.81,19,1.52,49,0.94,17,1.67
Cs2K1Mn1F6,-50.38377547,Cs,K,Mn,F,1,1,3,-1,55,1.81,19,1.52,25,0.785,9,1.19
Cs2K1Mo1Br6,-36.59814809,Cs,K,Mo,Br,1,1,3,-1,55,1.81,19,1.52,42,0.83,35,1.82
Cs2K1Mo1Cl6,-40.50535145,Cs,K,Mo,Cl,1,1,3,-1,55,1.81,19,1.52,42,0.83,17,1.67
Cs2K1Mo1F6,-51.4604368,Cs,K,Mo,F,1,1,3,-1,55,1.81,19,1.52,42,0.83,9,1.19
Cs2K1Mo1I6,-32.56600129,Cs,K,Mo,I,1,1,3,-1,55,1.81,19,1.52,42,0.83,53,2.06
Cs2K1Nd1Br6,-36.06584043,Cs,K,Nd,Br,1,1,3,-1,55,1.81,19,1.52,60,1.123,35,1.82
Cs2K1Nd1Cl6,-40.03999739,Cs,K,Nd,Cl,1,1,3,-1,55,1.81,19,1.52,60,1.123,17,1.67
Cs2K1Nd1I6,-31.68307268,Cs,K,Nd,I,1,1,3,-1,55,1.81,19,1.52,60,1.123,53,2.06
Cs2K1Pd1F6,-41.7512628,Cs,K,Pd,F,1,1,3,-1,55,1.81,19,1.52,46,0.9,9,1.19
Cs2K1Pr1Br6,-36.04917218,Cs,K,Pr,Br,1,1,3,-1,55,1.81,19,1.52,59,1.13,35,1.82
Cs2K1Pr1Cl6,-39.99845023,Cs,K,Pr,Cl,1,1,3,-1,55,1.81,19,1.52,59,1.13,17,1.67
Cs2K1Pr1F6,-51.5847564,Cs,K,Pr,F,1,1,3,-1,55,1.81,19,1.52,59,1.13,9,1.19
Cs2K1Pr1I6,-31.69118816,Cs,K,Pr,I,1,1,3,-1,55,1.81,19,1.52,59,1.13,53,2.06
Cs2K1Rh1F6,-45.39444067,Cs,K,Rh,F,1,1,3,-1,55,1.81,19,1.52,45,0.805,9,1.19
Cs2K1Ru1F6,-47.1459493,Cs,K,Ru,F,1,1,3,-1,55,1.81,19,1.52,44,0.82,9,1.19
Cs2K1Sb1Br6,-30.31236929,Cs,K,Sb,Br,1,1,3,-1,55,1.81,19,1.52,51,0.9,35,1.82
Cs2K1Sb1Cl6,-33.80296815,Cs,K,Sb,Cl,1,1,3,-1,55,1.81,19,1.52,51,0.9,17,1.67
Cs2K1Sb1F6,-44.72210774,Cs,K,Sb,F,1,1,3,-1,55,1.81,19,1.52,51,0.9,9,1.19
Cs2K1Sb1I6,-26.60685718,Cs,K,Sb,I,1,1,3,-1,55,1.81,19,1.52,51,0.9,53,2.06
Cs2K1Sc1Cl6,-41.20721812,Cs,K,Sc,Cl,1,1,3,-1,55,1.81,19,1.52,21,0.885,17,1.67
Cs2K1Ta1Br6,-37.90352979,Cs,K,Ta,Br,1,1,3,-1,55,1.81,19,1.52,73,0.86,35,1.82
Cs2K1Ta1Cl6,-41.94043634,Cs,K,Ta,Cl,1,1,3,-1,55,1.81,19,1.52,73,0.86,17,1.67
Cs2K1Ta1F6,-53.01575306,Cs,K,Ta,F,1,1,3,-1,55,1.81,19,1.52,73,0.86,9,1.19
Cs2K1Ta1I6,-33.70846413,Cs,K,Ta,I,1,1,3,-1,55,1.81,19,1.52,73,0.86,53,2.06
Cs2K1Tl1Br6,-27.90522704,Cs,K,Tl,Br,1,1,3,-1,55,1.81,19,1.52,81,1.025,35,1.82
Cs2K1Tl1F6,-41.27373908,Cs,K,Tl,F,1,1,3,-1,55,1.81,19,1.52,81,1.025,9,1.19
Cs2K1Tl1I6,-24.25591339,Cs,K,Tl,I,1,1,3,-1,55,1.81,19,1.52,81,1.025,53,2.06
Cs2K1V1F6,-52.12404263,Cs,K,V,F,1,1,3,-1,55,1.81,19,1.52,23,0.78,9,1.19
Cs2K1Y1Br6,-37.883497,Cs,K,Y,Br,1,1,3,-1,55,1.81,19,1.52,39,1.04,35,1.82
Cs2K1Y1F6,-53.96627424,Cs,K,Y,F,1,1,3,-1,55,1.81,19,1.52,39,1.04,9,1.19
Cs2K1Y1I6,-33.40020963,Cs,K,Y,I,1,1,3,-1,55,1.81,19,1.52,39,1.04,53,2.06
Cs2Li1Au1F6,-38.99978171,Cs,Li,Au,F,1,1,3,-1,55,1.81,3,0.9,79,0.99,9,1.19
Cs2Li1Bi1Br6,-31.06968851,Cs,Li,Bi,Br,1,1,3,-1,55,1.81,3,0.9,83,1.17,35,1.82
Cs2Li1Bi1Cl6,-34.64734735,Cs,Li,Bi,Cl,1,1,3,-1,55,1.81,3,0.9,83,1.17,17,1.67
Cs2Li1Bi1F6,-45.55336359,Cs,Li,Bi,F,1,1,3,-1,55,1.81,3,0.9,83,1.17,9,1.19
Cs2Li1Bi1I6,-27.23168908,Cs,Li,Bi,I,1,1,3,-1,55,1.81,3,0.9,83,1.17,53,2.06
Cs2Li1Ce1Br6,-37.51001844,Cs,Li,Ce,Br,1,1,3,-1,55,1.81,3,0.9,58,1.15,35,1.82
Cs2Li1Ce1Cl6,-41.52795845,Cs,Li,Ce,Cl,1,1,3,-1,55,1.81,3,0.9,58,1.15,17,1.67
Cs2Li1Ce1F6,-53.37631973,Cs,Li,Ce,F,1,1,3,-1,55,1.81,3,0.9,58,1.15,9,1.19
Cs2Li1Ce1I6,-33.04913389,Cs,Li,Ce,I,1,1,3,-1,55,1.81,3,0.9,58,1.15,53,2.06
Cs2Li1In1Cl6,-33.87628854,Cs,Li,In,Cl,1,1,3,-1,55,1.81,3,0.9,49,0.94,17,1.67
Cs2Li1In1F6,-45.00172788,Cs,Li,In,F,1,1,3,-1,55,1.81,3,0.9,49,0.94,9,1.19
Cs2Li1Mo1Br6,-36.8661752,Cs,Li,Mo,Br,1,1,3,-1,55,1.81,3,0.9,42,0.83,35,1.82
Cs2Li1Mo1Cl6,-40.81958173,Cs,Li,Mo,Cl,1,1,3,-1,55,1.81,3,0.9,42,0.83,17,1.67
Cs2Li1Mo1F6,-51.95294339,Cs,Li,Mo,F,1,1,3,-1,55,1.81,3,0.9,42,0.83,9,1.19
Cs2Li1Mo1I6,-32.77107584,Cs,Li,Mo,I,1,1,3,-1,55,1.81,3,0.9,42,0.83,53,2.06
Cs2Li1Nb1F6,-52.44288127,Cs,Li,Nb,F,1,1,3,-1,55,1.81,3,0.9,41,0.86,9,1.19
Cs2Li1Nd1Br6,-36.5500369,Cs,Li,Nd,Br,1,1,3,-1,55,1.81,3,0.9,60,1.123,35,1.82
Cs2Li1Nd1Cl6,-40.58775558,Cs,Li,Nd,Cl,1,1,3,-1,55,1.81,3,0.9,60,1.123,17,1.67
Cs2Li1Nd1F6,-52.42924181,Cs,Li,Nd,F,1,1,3,-1,55,1.81,3,0.9,60,1.123,9,1.19
Cs2Li1Nd1I6,-32.08420757,Cs,Li,Nd,I,1,1,3,-1,55,1.81,3,0.9,60,1.123,53,2.06
Cs2Li1Pd1F6,-42.23885136,Cs,Li,Pd,F,1,1,3,-1,55,1.81,3,0.9,46,0.9,9,1.19
Cs2Li1Pr1Br6,-36.54016336,Cs,Li,Pr,Br,1,1,3,-1,55,1.81,3,0.9,59,1.13,35,1.82
Cs2Li1Pr1Cl6,-40.55374654,Cs,Li,Pr,Cl,1,1,3,-1,55,1.81,3,0.9,59,1.13,17,1.67
Cs2Li1Pr1F6,-52.31476677,Cs,Li,Pr,F,1,1,3,-1,55,1.81,3,0.9,59,1.13,9,1.19
Cs2Li1Pr1I6,-32.09862695,Cs,Li,Pr,I,1,1,3,-1,55,1.81,3,0.9,59,1.13,53,2.06
Cs2Li1Sb1Br6,-30.76206686,Cs,Li,Sb,Br,1,1,3,-1,55,1.81,3,0.9,51,0.9,35,1.82
Cs2Li1Sb1Cl6,-34.3104521,Cs,Li,Sb,Cl,1,1,3,-1,55,1.81,3,0.9,51,0.9,17,1.67
Cs2Li1Sb1F6,-45.32576992,Cs,Li,Sb,F,1,1,3,-1,55,1.81,3,0.9,51,0.9,9,1.19
Cs2Li1Sb1I6,-26.99188976,Cs,Li,Sb,I,1,1,3,-1,55,1.81,3,0.9,51,0.9,53,2.06
Cs2Li1Sc1Cl6,-41.62264192,Cs,Li,Sc,Cl,1,1,3,-1,55,1.81,3,0.9,21,0.885,17,1.67
Cs2Li1Ta1Br6,-38.23191427,Cs,Li,Ta,Br,1,1,3,-1,55,1.81,3,0.9,73,0.86,35,1.82
Cs2Li1Ta1Cl6,-42.31380743,Cs,Li,Ta,Cl,1,1,3,-1,55,1.81,3,0.9,73,0.86,17,1.67
Cs2Li1Ta1F6,-53.551821600000004,Cs,Li,Ta,F,1,1,3,-1,55,1.81,3,0.9,73,0.86,9,1.19
Cs2Li1Ta1I6,-33.9712768,Cs,Li,Ta,I,1,1,3,-1,55,1.81,3,0.9,73,0.86,53,2.06
Cs2Li1Tl1F6,-41.89686869,Cs,Li,Tl,F,1,1,3,-1,55,1.81,3,0.9,81,1.025,9,1.19
Cs2Li1Y1Br6,-38.32232862,Cs,Li,Y,Br,1,1,3,-1,55,1.81,3,0.9,39,1.04,35,1.82
Cs2Li1Y1Cl6,-42.45849499,Cs,Li,Y,Cl,1,1,3,-1,55,1.81,3,0.9,39,1.04,17,1.67
Cs2Li1Y1F6,-54.58171576,Cs,Li,Y,F,1,1,3,-1,55,1.81,3,0.9,39,1.04,9,1.19
Cs2Li1Y1I6,-33.76107759,Cs,Li,Y,I,1,1,3,-1,55,1.81,3,0.9,39,1.04,53,2.06
Cs2Na1Al1F6,-49.53011789,Cs,Na,Al,F,1,1,3,-1,55,1.81,11,1.16,13,0.675,9,1.19
Cs2Na1As1F6,-44.39545527,Cs,Na,As,F,1,1,3,-1,55,1.81,11,1.16,33,0.72,9,1.19
Cs2Na1Au1Br6,-26.64879614,Cs,Na,Au,Br,1,1,3,-1,55,1.81,11,1.16,79,0.99,35,1.82
Cs2Na1Bi1Br6,-30.59246194,Cs,Na,Bi,Br,1,1,3,-1,55,1.81,11,1.16,83,1.17,35,1.82
Cs2Na1Bi1Cl6,-34.155880100000005,Cs,Na,Bi,Cl,1,1,3,-1,55,1.81,11,1.16,83,1.17,17,1.67
Cs2Na1Bi1F6,-45.03771466,Cs,Na,Bi,F,1,1,3,-1,55,1.81,11,1.16,83,1.17,9,1.19
Cs2Na1Bi1I6,-26.77531511,Cs,Na,Bi,I,1,1,3,-1,55,1.81,11,1.16,83,1.17,53,2.06
Cs2Na1Ce1Br6,-37.01881686,Cs,Na,Ce,Br,1,1,3,-1,55,1.81,11,1.16,58,1.15,35,1.82
Cs2Na1Ce1Cl6,-41.02255773,Cs,Na,Ce,Cl,1,1,3,-1,55,1.81,11,1.16,58,1.15,17,1.67
Cs2Na1Ce1F6,-52.84121898,Cs,Na,Ce,F,1,1,3,-1,55,1.81,11,1.16,58,1.15,9,1.19
Cs2Na1Ce1I6,-32.58195126,Cs,Na,Ce,I,1,1,3,-1,55,1.81,11,1.16,58,1.15,53,2.06
Cs2Na1In1Cl6,-33.4584223,Cs,Na,In,Cl,1,1,3,-1,55,1.81,11,1.16,49,0.94,17,1.67
Cs2Na1Ir1F6,-46.0069833,Cs,Na,Ir,F,1,1,3,-1,55,1.81,11,1.16,77,0.82,9,1.19
Cs2Na1Mn1F6,-50.43405793,Cs,Na,Mn,F,1,1,3,-1,55,1.81,11,1.16,25,0.785,9,1.19
Cs2Na1Mo1Br6,-36.48549947,Cs,Na,Mo,Br,1,1,3,-1,55,1.81,11,1.16,42,0.83,35,1.82
Cs2Na1Mo1Cl6,-40.43586324,Cs,Na,Mo,Cl,1,1,3,-1,55,1.81,11,1.16,42,0.83,17,1.67
Cs2Na1Mo1F6,-51.54952227,Cs,Na,Mo,F,1,1,3,-1,55,1.81,11,1.16,42,0.83,9,1.19
Cs2Na1Mo1I6,-32.4029346,Cs,Na,Mo,I,1,1,3,-1,55,1.81,11,1.16,42,0.83,53,2.06
Cs2Na1Nd1Br6,-36.06783247,Cs,Na,Nd,Br,1,1,3,-1,55,1.81,11,1.16,60,1.123,35,1.82
Cs2Na1Nd1Cl6,-40.09044039,Cs,Na,Nd,Cl,1,1,3,-1,55,1.81,11,1.16,60,1.123,17,1.67
Cs2Na1Nd1F6,-51.89527162,Cs,Na,Nd,F,1,1,3,-1,55,1.81,11,1.16,60,1.123,9,1.19
Cs2Na1Pr1Br6,-36.05329051,Cs,Na,Pr,Br,1,1,3,-1,55,1.81,11,1.16,59,1.13,35,1.82
Cs2Na1Pr1Cl6,-40.05155138,Cs,Na,Pr,Cl,1,1,3,-1,55,1.81,11,1.16,59,1.13,17,1.67
Cs2Na1Pr1F6,-51.77781160000001,Cs,Na,Pr,F,1,1,3,-1,55,1.81,11,1.16,59,1.13,9,1.19
Cs2Na1Pr1I6,-31.63672784,Cs,Na,Pr,I,1,1,3,-1,55,1.81,11,1.16,59,1.13,53,2.06
Cs2Na1Ru1F6,-47.19328639,Cs,Na,Ru,F,1,1,3,-1,55,1.81,11,1.16,44,0.82,9,1.19
Cs2Na1Sb1Br6,-30.28768565,Cs,Na,Sb,Br,1,1,3,-1,55,1.81,11,1.16,51,0.9,35,1.82
Cs2Na1Sb1Cl6,-33.82667279,Cs,Na,Sb,Cl,1,1,3,-1,55,1.81,11,1.16,51,0.9,17,1.67
Cs2Na1Sb1F6,-44.85375577,Cs,Na,Sb,F,1,1,3,-1,55,1.81,11,1.16,51,0.9,9,1.19
Cs2Na1Sb1I6,-26.533718699999998,Cs,Na,Sb,I,1,1,3,-1,55,1.81,11,1.16,51,0.9,53,2.06
Cs2Na1Sc1Cl6,-41.19754593,Cs,Na,Sc,Cl,1,1,3,-1,55,1.81,11,1.16,21,0.885,17,1.67
Cs2Na1Sc1F6,-53.80785737,Cs,Na,Sc,F,1,1,3,-1,55,1.81,11,1.16,21,0.885,9,1.19
Cs2Na1Ta1Br6,-37.82040407,Cs,Na,Ta,Br,1,1,3,-1,55,1.81,11,1.16,73,0.86,35,1.82
Cs2Na1Ta1Cl6,-41.89856226,Cs,Na,Ta,Cl,1,1,3,-1,55,1.81,11,1.16,73,0.86,17,1.67
Cs2Na1Ta1F6,-53.26996855,Cs,Na,Ta,F,1,1,3,-1,55,1.81,11,1.16,73,0.86,9,1.19
Cs2Na1Ta1I6,-33.57559401,Cs,Na,Ta,I,1,1,3,-1,55,1.81,11,1.16,73,0.86,53,2.06
Cs2Na1Tl1Br6,-27.85708792,Cs,Na,Tl,Br,1,1,3,-1,55,1.81,11,1.16,81,1.025,35,1.82
Cs2Na1Tl1F6,-41.41617417,Cs,Na,Tl,F,1,1,3,-1,55,1.81,11,1.16,81,1.025,9,1.19
Cs2Na1Tl1I6,-24.18161995,Cs,Na,Tl,I,1,1,3,-1,55,1.81,11,1.16,81,1.025,53,2.06
Cs2Na1Y1Br6,-37.86355959,Cs,Na,Y,Br,1,1,3,-1,55,1.81,11,1.16,39,1.04,35,1.82
Cs2Na1Y1Cl6,-41.98960365,Cs,Na,Y,Cl,1,1,3,-1,55,1.81,11,1.16,39,1.04,17,1.67
Cs2Na1Y1F6,-54.11293525,Cs,Na,Y,F,1,1,3,-1,55,1.81,11,1.16,39,1.04,9,1.19
Cs2Na1Y1I6,-33.32349987,Cs,Na,Y,I,1,1,3,-1,55,1.81,11,1.16,39,1.04,53,2.06
Cs2Rb1Al1F6,-47.56815208,Cs,Rb,Al,F,1,1,3,-1,55,1.81,37,1.66,13,0.675,9,1.19
Cs2Rb1As1F6,-43.9730596,Cs,Rb,As,F,1,1,3,-1,55,1.81,37,1.66,33,0.72,9,1.19
Cs2Rb1Au1F6,-38.05295566,Cs,Rb,Au,F,1,1,3,-1,55,1.81,37,1.66,79,0.99,9,1.19
Cs2Rb1Bi1Br6,-30.37188825,Cs,Rb,Bi,Br,1,1,3,-1,55,1.81,37,1.66,83,1.17,35,1.82
Cs2Rb1Bi1Cl6,-33.84655127,Cs,Rb,Bi,Cl,1,1,3,-1,55,1.81,37,1.66,83,1.17,17,1.67
Cs2Rb1Bi1I6,-26.64815109,Cs,Rb,Bi,I,1,1,3,-1,55,1.81,37,1.66,83,1.17,53,2.06
Cs2Rb1Fe1F6,-47.04460381,Cs,Rb,Fe,F,1,1,3,-1,55,1.81,37,1.66,26,0.785,9,1.19
Cs2Rb1Ga1F6,-45.08265633,Cs,Rb,Ga,F,1,1,3,-1,55,1.81,37,1.66,31,0.76,9,1.19
Cs2Rb1In1Br6,-29.54398501,Cs,Rb,In,Br,1,1,3,-1,55,1.81,37,1.66,49,0.94,35,1.82
Cs2Rb1In1Cl6,-33.22730385,Cs,Rb,In,Cl,1,1,3,-1,55,1.81,37,1.66,49,0.94,17,1.67
Cs2Rb1Ir1F6,-45.61997682,Cs,Rb,Ir,F,1,1,3,-1,55,1.81,37,1.66,77,0.82,9,1.19
Cs2Rb1Nb1F6,-51.50017764,Cs,Rb,Nb,F,1,1,3,-1,55,1.81,37,1.66,41,0.86,9,1.19
Cs2Rb1Ru1F6,-46.789796200000005,Cs,Rb,Ru,F,1,1,3,-1,55,1.81,37,1.66,44,0.82,9,1.19
Cs2Rb1Sb1Cl6,-33.523191100000005,Cs,Rb,Sb,Cl,1,1,3,-1,55,1.81,37,1.66,51,0.9,17,1.67
Cs2Rb1Ta1F6,-52.64143752,Cs,Rb,Ta,F,1,1,3,-1,55,1.81,37,1.66,73,0.86,9,1.19
Cs2Rb1Tl1Br6,-27.6729642,Cs,Rb,Tl,Br,1,1,3,-1,55,1.81,37,1.66,81,1.025,35,1.82
Cs2Rb1Tl1F6,-40.89858837,Cs,Rb,Tl,F,1,1,3,-1,55,1.81,37,1.66,81,1.025,9,1.19
Cs2Rb1Y1Cl6,-41.66761743,Cs,Rb,Y,Cl,1,1,3,-1,55,1.81,37,1.66,39,1.04,17,1.67
Cs2Rb1Y1I6,-33.18315748,Cs,Rb,Y,I,1,1,3,-1,55,1.81,37,1.66,39,1.04,53,2.06
Cs2Tl1Al1F6,-48.6494113,Cs,Tl,Al,F,1,1,3,-1,55,1.81,81,1.64,13,0.675,9,1.19
Cs2Tl1As1F6,-43.42005025,Cs,Tl,As,F,1,1,3,-1,55,1.81,81,1.64,33,0.72,9,1.19
Cs2Tl1Au1Br6,-27.00942317,Cs,Tl,Au,Br,1,1,3,-1,55,1.81,81,1.64,79,0.99,35,1.82
Cs2Tl1Au1F6,-38.09121327,Cs,Tl,Au,F,1,1,3,-1,55,1.81,81,1.64,79,0.99,9,1.19
Cs2Tl1Bi1F6,-43.93401106,Cs,Tl,Bi,F,1,1,3,-1,55,1.81,81,1.64,83,1.17,9,1.19
Cs2Tl1Co1F6,-44.93438381,Cs,Tl,Co,F,1,1,3,-1,55,1.81,81,1.64,27,0.75,9,1.19
Cs2Tl1Cr1F6,-51.12139612,Cs,Tl,Cr,F,1,1,3,-1,55,1.81,81,1.64,24,0.94,9,1.19
Cs2Tl1In1Br6,-29.33125221,Cs,Tl,In,Br,1,1,3,-1,55,1.81,81,1.64,49,0.94,35,1.82
Cs2Tl1In1F6,-43.53055018,Cs,Tl,In,F,1,1,3,-1,55,1.81,81,1.64,49,0.94,9,1.19
Cs2Tl1Nb1F6,-50.88293845,Cs,Tl,Nb,F,1,1,3,-1,55,1.81,81,1.64,41,0.86,9,1.19
Cs2Tl1Pd1F6,-41.11176952,Cs,Tl,Pd,F,1,1,3,-1,55,1.81,81,1.64,46,0.9,9,1.19
Cs2Tl1Rh1F6,-44.46439053,Cs,Tl,Rh,F,1,1,3,-1,55,1.81,81,1.64,45,0.805,9,1.19
Cs2Tl1Ru1F6,-46.17437647,Cs,Tl,Ru,F,1,1,3,-1,55,1.81,81,1.64,44,0.82,9,1.19
Cs2Tl1Sb1F6,-43.809616399999996,Cs,Tl,Sb,F,1,1,3,-1,55,1.81,81,1.64,51,0.9,9,1.19
Cs2Tl1Ta1F6,-52.10255164,Cs,Tl,Ta,F,1,1,3,-1,55,1.81,81,1.64,73,0.86,9,1.19
Cs2Tl1Tl1Br6,-27.59240902,Cs,Tl,Tl,Br,1,1,3,-1,55,1.81,81,1.64,81,1.025,35,1.82
Cs2Tl1Tl1F6,-40.37670303,Cs,Tl,Tl,F,1,1,3,-1,55,1.81,81,1.64,81,1.025,9,1.19
Cs2Tl1Tl1I6,-24.20779785,Cs,Tl,Tl,I,1,1,3,-1,55,1.81,81,1.64,81,1.025,53,2.06
Cs2Tl1V1F6,-51.17282701,Cs,Tl,V,F,1,1,3,-1,55,1.81,81,1.64,23,0.78,9,1.19
Cs2Tl1Y1I6,-33.01850667,Cs,Tl,Y,I,1,1,3,-1,55,1.81,81,1.64,39,1.04,53,2.06
K2Ag1Al1F6,-48.01888458,K,Ag,Al,F,1,1,3,-1,19,1.52,47,1.29,13,0.675,9,1.19
K2Ag1As1F6,-42.54694419,K,Ag,As,F,1,1,3,-1,19,1.52,47,1.29,33,0.72,9,1.19
K2Ag1Au1Br6,-26.3850422,K,Ag,Au,Br,1,1,3,-1,19,1.52,47,1.29,79,0.99,35,1.82
K2Ag1Au1F6,-37.15004514,K,Ag,Au,F,1,1,3,-1,19,1.52,47,1.29,79,0.99,9,1.19
K2Ag1Bi1Br6,-29.29066577,K,Ag,Bi,Br,1,1,3,-1,19,1.52,47,1.29,83,1.17,35,1.82
K2Ag1Bi1Cl6,-32.62076042,K,Ag,Bi,Cl,1,1,3,-1,19,1.52,47,1.29,83,1.17,17,1.67
K2Ag1Bi1F6,-42.77383531,K,Ag,Bi,F,1,1,3,-1,19,1.52,47,1.29,83,1.17,9,1.19
K2Ag1Bi1I6,-25.79115073,K,Ag,Bi,I,1,1,3,-1,19,1.52,47,1.29,83,1.17,53,2.06
K2Ag1Ce1Br6,-35.52233032,K,Ag,Ce,Br,1,1,3,-1,19,1.52,47,1.29,58,1.15,35,1.82
K2Ag1Ce1Cl6,-39.32889874,K,Ag,Ce,Cl,1,1,3,-1,19,1.52,47,1.29,58,1.15,17,1.67
K2Ag1Ce1F6,-50.47829197,K,Ag,Ce,F,1,1,3,-1,19,1.52,47,1.29,58,1.15,9,1.19
K2Ag1Ce1I6,-31.36804744,K,Ag,Ce,I,1,1,3,-1,19,1.52,47,1.29,58,1.15,53,2.06
K2Ag1Cr1F6,-50.37330134,K,Ag,Cr,F,1,1,3,-1,19,1.52,47,1.29,24,0.94,9,1.19
K2Ag1Fe1F6,-45.83554677,K,Ag,Fe,F,1,1,3,-1,19,1.52,47,1.29,26,0.785,9,1.19
K2Ag1Ga1F6,-43.68002428,K,Ag,Ga,F,1,1,3,-1,19,1.52,47,1.29,31,0.76,9,1.19
K2Ag1In1Br6,-28.44384765,K,Ag,In,Br,1,1,3,-1,19,1.52,47,1.29,49,0.94,35,1.82
K2Ag1In1Cl6,-32.00803193,K,Ag,In,Cl,1,1,3,-1,19,1.52,47,1.29,49,0.94,17,1.67
K2Ag1In1F6,-42.52378508,K,Ag,In,F,1,1,3,-1,19,1.52,47,1.29,49,0.94,9,1.19
K2Ag1Ir1F6,-44.04247907,K,Ag,Ir,F,1,1,3,-1,19,1.52,47,1.29,77,0.82,9,1.19
K2Ag1Mn1F6,-48.9826475,K,Ag,Mn,F,1,1,3,-1,19,1.52,47,1.29,25,0.785,9,1.19
K2Ag1Mo1Br6,-35.18352823,K,Ag,Mo,Br,1,1,3,-1,19,1.52,47,1.29,42,0.83,35,1.82
K2Ag1Mo1Cl6,-38.98360617,K,Ag,Mo,Cl,1,1,3,-1,19,1.52,47,1.29,42,0.83,17,1.67
K2Ag1Mo1F6,-49.46472742,K,Ag,Mo,F,1,1,3,-1,19,1.52,47,1.29,42,0.83,9,1.19
K2Ag1Mo1I6,-31.32900589,K,Ag,Mo,I,1,1,3,-1,19,1.52,47,1.29,42,0.83,53,2.06
K2Ag1Nb1F6,-49.83413899,K,Ag,Nb,F,1,1,3,-1,19,1.52,47,1.29,41,0.86,9,1.19
K2Ag1Nd1Br6,-34.55403236,K,Ag,Nd,Br,1,1,3,-1,19,1.52,47,1.29,60,1.123,35,1.82
K2Ag1Nd1Cl6,-38.37883842,K,Ag,Nd,Cl,1,1,3,-1,19,1.52,47,1.29,60,1.123,17,1.67
K2Ag1Nd1F6,-49.51717899,K,Ag,Nd,F,1,1,3,-1,19,1.52,47,1.29,60,1.123,9,1.19
K2Ag1Nd1I6,-30.39594283,K,Ag,Nd,I,1,1,3,-1,19,1.52,47,1.29,60,1.123,53,2.06
K2Ag1Pd1F6,-40.50292171,K,Ag,Pd,F,1,1,3,-1,19,1.52,47,1.29,46,0.9,9,1.19
K2Ag1Pr1Br6,-34.53257046,K,Ag,Pr,Br,1,1,3,-1,19,1.52,47,1.29,59,1.13,35,1.82
K2Ag1Pr1Cl6,-38.32817119,K,Ag,Pr,Cl,1,1,3,-1,19,1.52,47,1.29,59,1.13,17,1.67
K2Ag1Pr1F6,-49.36380935,K,Ag,Pr,F,1,1,3,-1,19,1.52,47,1.29,59,1.13,9,1.19
K2Ag1Pr1I6,-30.40346404,K,Ag,Pr,I,1,1,3,-1,19,1.52,47,1.29,59,1.13,53,2.06
K2Ag1Rh1F6,-43.62201525,K,Ag,Rh,F,1,1,3,-1,19,1.52,47,1.29,45,0.805,9,1.19
K2Ag1Ru1F6,-45.26987225,K,Ag,Ru,F,1,1,3,-1,19,1.52,47,1.29,44,0.82,9,1.19
K2Ag1Sb1Br6,-29.0771832,K,Ag,Sb,Br,1,1,3,-1,19,1.52,47,1.29,51,0.9,35,1.82
K2Ag1Sb1Cl6,-32.38542053,K,Ag,Sb,Cl,1,1,3,-1,19,1.52,47,1.29,51,0.9,17,1.67
K2Ag1Sb1F6,-42.77031012,K,Ag,Sb,F,1,1,3,-1,19,1.52,47,1.29,51,0.9,9,1.19
K2Ag1Sb1I6,-25.6367933,K,Ag,Sb,I,1,1,3,-1,19,1.52,47,1.29,51,0.9,53,2.06
K2Ag1Sc1Cl6,-39.69450852,K,Ag,Sc,Cl,1,1,3,-1,19,1.52,47,1.29,21,0.885,17,1.67
K2Ag1Sc1F6,-51.86786016,K,Ag,Sc,F,1,1,3,-1,19,1.52,47,1.29,21,0.885,9,1.19
K2Ag1Ta1Br6,-36.44538689,K,Ag,Ta,Br,1,1,3,-1,19,1.52,47,1.29,73,0.86,35,1.82
K2Ag1Ta1Cl6,-40.36046470000001,K,Ag,Ta,Cl,1,1,3,-1,19,1.52,47,1.29,73,0.86,17,1.67
K2Ag1Ta1F6,-52.24114865,K,Ag,Ta,F,1,1,3,-1,19,1.52,47,1.29,73,0.86,9,1.19
K2Ag1Ta1I6,-32.44667951,K,Ag,Ta,I,1,1,3,-1,19,1.52,47,1.29,73,0.86,53,2.06
K2Ag1Ti1F6,-50.80466303,K,Ag,Ti,F,1,1,3,-1,19,1.52,47,1.29,22,0.81,9,1.19
K2Ag1Tl1Br6,-26.798864000000002,K,Ag,Tl,Br,1,1,3,-1,19,1.52,47,1.29,81,1.025,35,1.82
K2Ag1Tl1F6,-39.33788638,K,Ag,Tl,F,1,1,3,-1,19,1.52,47,1.29,81,1.025,9,1.19
K2Ag1Tl1I6,-23.51668638,K,Ag,Tl,I,1,1,3,-1,19,1.52,47,1.29,81,1.025,53,2.06
K2Ag1V1F6,-50.38099375,K,Ag,V,F,1,1,3,-1,19,1.52,47,1.29,23,0.78,9,1.19
K2Ag1Y1Br6,-36.38691106,K,Ag,Y,Br,1,1,3,-1,19,1.52,47,1.29,39,1.04,35,1.82
K2Ag1Y1Cl6,-40.33279408,K,Ag,Y,Cl,1,1,3,-1,19,1.52,47,1.29,39,1.04,17,1.67
K2Ag1Y1F6,-51.868800799999995,K,Ag,Y,F,1,1,3,-1,19,1.52,47,1.29,39,1.04,9,1.19
K2Ag1Y1I6,-32.10650093,K,Ag,Y,I,1,1,3,-1,19,1.52,47,1.29,39,1.04,53,2.06
K2Au1Al1F6,-46.52110558,K,Au,Al,F,1,1,3,-1,19,1.52,79,1.51,13,0.675,9,1.19
K2Au1As1F6,-41.21578715,K,Au,As,F,1,1,3,-1,19,1.52,79,1.51,33,0.72,9,1.19
K2Au1Au1Br6,-26.42430423,K,Au,Au,Br,1,1,3,-1,19,1.52,79,1.51,79,0.99,35,1.82
K2Au1Au1F6,-36.37294227,K,Au,Au,F,1,1,3,-1,19,1.52,79,1.51,79,0.99,9,1.19
K2Au1Bi1Br6,-28.75063678,K,Au,Bi,Br,1,1,3,-1,19,1.52,79,1.51,83,1.17,35,1.82
K2Au1Bi1F6,-41.39300083,K,Au,Bi,F,1,1,3,-1,19,1.52,79,1.51,83,1.17,9,1.19
K2Au1Cr1F6,-48.91647267,K,Au,Cr,F,1,1,3,-1,19,1.52,79,1.51,24,0.94,9,1.19
K2Au1Fe1F6,-45.89979178,K,Au,Fe,F,1,1,3,-1,19,1.52,79,1.51,26,0.785,9,1.19
K2Au1Ga1F6,-42.20819242,K,Au,Ga,F,1,1,3,-1,19,1.52,79,1.51,31,0.76,9,1.19
K2Au1In1Br6,-27.89889612,K,Au,In,Br,1,1,3,-1,19,1.52,79,1.51,49,0.94,35,1.82
K2Au1In1F6,-41.07132094,K,Au,In,F,1,1,3,-1,19,1.52,79,1.51,49,0.94,9,1.19
K2Au1Ir1F6,-42.56707326,K,Au,Ir,F,1,1,3,-1,19,1.52,79,1.51,77,0.82,9,1.19
K2Au1Mn1F6,-47.75847039,K,Au,Mn,F,1,1,3,-1,19,1.52,79,1.51,25,0.785,9,1.19
K2Au1Mo1F6,-47.97518281,K,Au,Mo,F,1,1,3,-1,19,1.52,79,1.51,42,0.83,9,1.19
K2Au1Nb1F6,-49.98762573,K,Au,Nb,F,1,1,3,-1,19,1.52,79,1.51,41,0.86,9,1.19
K2Au1Ni1F6,-41.63854228,K,Au,Ni,F,1,1,3,-1,19,1.52,79,1.51,28,0.74,9,1.19
K2Au1Rh1F6,-42.22868346,K,Au,Rh,F,1,1,3,-1,19,1.52,79,1.51,45,0.805,9,1.19
K2Au1Ru1F6,-43.81347394,K,Au,Ru,F,1,1,3,-1,19,1.52,79,1.51,44,0.82,9,1.19
K2Au1Sb1F6,-41.45157659,K,Au,Sb,F,1,1,3,-1,19,1.52,79,1.51,51,0.9,9,1.19
K2Au1Sc1F6,-50.40427492,K,Au,Sc,F,1,1,3,-1,19,1.52,79,1.51,21,0.885,9,1.19
K2Au1Ta1F6,-53.14324555,K,Au,Ta,F,1,1,3,-1,19,1.52,79,1.51,73,0.86,9,1.19
K2Au1Ti1F6,-50.21590725,K,Au,Ti,F,1,1,3,-1,19,1.52,79,1.51,22,0.81,9,1.19
K2Au1Tl1Br6,-26.63294951,K,Au,Tl,Br,1,1,3,-1,19,1.52,79,1.51,81,1.025,35,1.82
K2Au1Tl1F6,-38.06693343,K,Au,Tl,F,1,1,3,-1,19,1.52,79,1.51,81,1.025,9,1.19
K2Au1Tl1I6,-23.67031075,K,Au,Tl,I,1,1,3,-1,19,1.52,79,1.51,81,1.025,53,2.06
K2Au1V1F6,-48.90896228,K,Au,V,F,1,1,3,-1,19,1.52,79,1.51,23,0.78,9,1.19
K2Au1Y1Br6,-35.61368113,K,Au,Y,Br,1,1,3,-1,19,1.52,79,1.51,39,1.04,35,1.82
K2Au1Y1F6,-50.4117958,K,Au,Y,F,1,1,3,-1,19,1.52,79,1.51,39,1.04,9,1.19
K2Au1Y1I6,-31.60471469,K,Au,Y,I,1,1,3,-1,19,1.52,79,1.51,39,1.04,53,2.06
K2Cs1Al1F6,-48.82214025,K,Cs,Al,F,1,1,3,-1,19,1.52,55,1.81,13,0.675,9,1.19
K2Cs1As1F6,-43.23336513,K,Cs,As,F,1,1,3,-1,19,1.52,55,1.81,33,0.72,9,1.19
K2Cs1Au1F6,-37.24905687,K,Cs,Au,F,1,1,3,-1,19,1.52,55,1.81,79,0.99,9,1.19
K2Cs1In1F6,-43.35024918,K,Cs,In,F,1,1,3,-1,19,1.52,55,1.81,49,0.94,9,1.19
K2Cs1Ir1F6,-44.90708306,K,Cs,Ir,F,1,1,3,-1,19,1.52,55,1.81,77,0.82,9,1.19
K2Cs1Mo1F6,-50.2989263,K,Cs,Mo,F,1,1,3,-1,19,1.52,55,1.81,42,0.83,9,1.19
K2Cs1Nb1F6,-50.67213961,K,Cs,Nb,F,1,1,3,-1,19,1.52,55,1.81,41,0.86,9,1.19
K2Cs1Pd1F6,-40.73143018,K,Cs,Pd,F,1,1,3,-1,19,1.52,55,1.81,46,0.9,9,1.19
K2Cs1Ru1F6,-46.07737199,K,Cs,Ru,F,1,1,3,-1,19,1.52,55,1.81,44,0.82,9,1.19
K2Cs1Sb1F6,-43.52659977,K,Cs,Sb,F,1,1,3,-1,19,1.52,55,1.81,51,0.9,9,1.19
K2Cs1Ta1F6,-52.04974519,K,Cs,Ta,F,1,1,3,-1,19,1.52,55,1.81,73,0.86,9,1.19
K2Cs1Ti1F6,-51.57737931,K,Cs,Ti,F,1,1,3,-1,19,1.52,55,1.81,22,0.81,9,1.19
K2Cs1V1F6,-51.14421029,K,Cs,V,F,1,1,3,-1,19,1.52,55,1.81,23,0.78,9,1.19
K2Cs1Y1F6,-52.71350579999999,K,Cs,Y,F,1,1,3,-1,19,1.52,55,1.81,39,1.04,9,1.19
K2Cu1Al1F6,-48.92221265,K,Cu,Al,F,1,1,3,-1,19,1.52,29,0.91,13,0.675,9,1.19
K2Cu1As1F6,-43.65024172,K,Cu,As,F,1,1,3,-1,19,1.52,29,0.91,33,0.72,9,1.19
K2Cu1Au1F6,-39.54767273,K,Cu,Au,F,1,1,3,-1,19,1.52,29,0.91,79,0.99,9,1.19
K2Cu1Bi1Br6,-30.22630272,K,Cu,Bi,Br,1,1,3,-1,19,1.52,29,0.91,83,1.17,35,1.82
K2Cu1Bi1Cl6,-33.67130612,K,Cu,Bi,Cl,1,1,3,-1,19,1.52,29,0.91,83,1.17,17,1.67
K2Cu1Bi1F6,-43.87741244,K,Cu,Bi,F,1,1,3,-1,19,1.52,29,0.91,83,1.17,9,1.19
K2Cu1Bi1I6,-26.59592707,K,Cu,Bi,I,1,1,3,-1,19,1.52,29,0.91,83,1.17,53,2.06
K2Cu1Ce1Br6,-36.37892226,K,Cu,Ce,Br,1,1,3,-1,19,1.52,29,0.91,58,1.15,35,1.82
K2Cu1Ce1I6,-31.92859725,K,Cu,Ce,I,1,1,3,-1,19,1.52,29,0.91,58,1.15,53,2.06
K2Cu1Cr1F6,-51.55648606,K,Cu,Cr,F,1,1,3,-1,19,1.52,29,0.91,24,0.94,9,1.19
K2Cu1Ga1F6,-44.67429542,K,Cu,Ga,F,1,1,3,-1,19,1.52,29,0.91,31,0.76,9,1.19
K2Cu1In1Cl6,-33.01936329,K,Cu,In,Cl,1,1,3,-1,19,1.52,29,0.91,49,0.94,17,1.67
K2Cu1Mo1Br6,-36.01361603,K,Cu,Mo,Br,1,1,3,-1,19,1.52,29,0.91,42,0.83,35,1.82
K2Cu1Mo1Cl6,-39.93759539,K,Cu,Mo,Cl,1,1,3,-1,19,1.52,29,0.91,42,0.83,17,1.67
K2Cu1Mo1F6,-50.54791465,K,Cu,Mo,F,1,1,3,-1,19,1.52,29,0.91,42,0.83,9,1.19
K2Cu1Mo1I6,-32.02043197,K,Cu,Mo,I,1,1,3,-1,19,1.52,29,0.91,42,0.83,53,2.06
K2Cu1Nd1Br6,-35.38753658,K,Cu,Nd,Br,1,1,3,-1,19,1.52,29,0.91,60,1.123,35,1.82
K2Cu1Nd1Cl6,-39.3150434,K,Cu,Nd,Cl,1,1,3,-1,19,1.52,29,0.91,60,1.123,17,1.67
K2Cu1Nd1F6,-50.47810945,K,Cu,Nd,F,1,1,3,-1,19,1.52,29,0.91,60,1.123,9,1.19
K2Cu1Nd1I6,-31.11220265,K,Cu,Nd,I,1,1,3,-1,19,1.52,29,0.91,60,1.123,53,2.06
K2Cu1Pr1Br6,-35.36720098,K,Cu,Pr,Br,1,1,3,-1,19,1.52,29,0.91,59,1.13,35,1.82
K2Cu1Pr1Cl6,-39.26498004,K,Cu,Pr,Cl,1,1,3,-1,19,1.52,29,0.91,59,1.13,17,1.67
K2Cu1Pr1F6,-50.32217647,K,Cu,Pr,F,1,1,3,-1,19,1.52,29,0.91,59,1.13,9,1.19
K2Cu1Pr1I6,-31.12317302,K,Cu,Pr,I,1,1,3,-1,19,1.52,29,0.91,59,1.13,53,2.06
K2Cu1Sb1Br6,-30.02550158,K,Cu,Sb,Br,1,1,3,-1,19,1.52,29,0.91,51,0.9,35,1.82
K2Cu1Sb1Cl6,-33.44790588,K,Cu,Sb,Cl,1,1,3,-1,19,1.52,29,0.91,51,0.9,17,1.67
K2Cu1Sb1F6,-43.83454144,K,Cu,Sb,F,1,1,3,-1,19,1.52,29,0.91,51,0.9,9,1.19
K2Cu1Sb1I6,-26.45596482,K,Cu,Sb,I,1,1,3,-1,19,1.52,29,0.91,51,0.9,53,2.06
K2Cu1Sc1Cl6,-40.64157907,K,Cu,Sc,Cl,1,1,3,-1,19,1.52,29,0.91,21,0.885,17,1.67
K2Cu1Sc1F6,-52.87401903,K,Cu,Sc,F,1,1,3,-1,19,1.52,29,0.91,21,0.885,9,1.19
K2Cu1Ta1Br6,-37.25469719,K,Cu,Ta,Br,1,1,3,-1,19,1.52,29,0.91,73,0.86,35,1.82
K2Cu1Ta1Cl6,-41.28408656,K,Cu,Ta,Cl,1,1,3,-1,19,1.52,29,0.91,73,0.86,17,1.67
K2Cu1Ta1F6,-52.48293476,K,Cu,Ta,F,1,1,3,-1,19,1.52,29,0.91,73,0.86,9,1.19
K2Cu1Ta1I6,-33.13618069,K,Cu,Ta,I,1,1,3,-1,19,1.52,29,0.91,73,0.86,53,2.06
K2Cu1Ti1F6,-51.85179482,K,Cu,Ti,F,1,1,3,-1,19,1.52,29,0.91,22,0.81,9,1.19
K2Cu1Tl1F6,-41.20479267,K,Cu,Tl,F,1,1,3,-1,19,1.52,29,0.91,81,1.025,9,1.19
K2Cu1Y1Br6,-37.20426267,K,Cu,Y,Br,1,1,3,-1,19,1.52,29,0.91,39,1.04,35,1.82
K2Cu1Y1Cl6,-41.25848919,K,Cu,Y,Cl,1,1,3,-1,19,1.52,29,0.91,39,1.04,17,1.67
K2Cu1Y1F6,-52.836968500000005,K,Cu,Y,F,1,1,3,-1,19,1.52,29,0.91,39,1.04,9,1.19
K2Cu1Y1I6,-32.80546669,K,Cu,Y,I,1,1,3,-1,19,1.52,29,0.91,39,1.04,53,2.06
K2Hg1Al1F6,-44.525637700000004,K,Hg,Al,F,1,1,3,-1,19,1.52,80,1.33,13,0.675,9,1.19
K2Hg1As1F6,-39.41591655,K,Hg,As,F,1,1,3,-1,19,1.52,80,1.33,33,0.72,9,1.19
K2Hg1Au1Br6,-23.90863702,K,Hg,Au,Br,1,1,3,-1,19,1.52,80,1.33,79,0.99,35,1.82
K2Hg1Au1F6,-34.64101583,K,Hg,Au,F,1,1,3,-1,19,1.52,80,1.33,79,0.99,9,1.19
K2Hg1Bi1Br6,-26.27583025,K,Hg,Bi,Br,1,1,3,-1,19,1.52,80,1.33,83,1.17,35,1.82
K2Hg1Bi1F6,-39.49191447,K,Hg,Bi,F,1,1,3,-1,19,1.52,80,1.33,83,1.17,9,1.19
K2Hg1Bi1I6,-22.98577377,K,Hg,Bi,I,1,1,3,-1,19,1.52,80,1.33,83,1.17,53,2.06
K2Hg1Co1F6,-40.80187361,K,Hg,Co,F,1,1,3,-1,19,1.52,80,1.33,27,0.75,9,1.19
K2Hg1Cr1F6,-46.9503125,K,Hg,Cr,F,1,1,3,-1,19,1.52,80,1.33,24,0.94,9,1.19
K2Hg1Fe1F6,-44.09071065,K,Hg,Fe,F,1,1,3,-1,19,1.52,80,1.33,26,0.785,9,1.19
K2Hg1Ga1F6,-40.32421245,K,Hg,Ga,F,1,1,3,-1,19,1.52,80,1.33,31,0.76,9,1.19
K2Hg1In1Br6,-25.63227982,K,Hg,In,Br,1,1,3,-1,19,1.52,80,1.33,49,0.94,35,1.82
K2Hg1In1F6,-39.25995452,K,Hg,In,F,1,1,3,-1,19,1.52,80,1.33,49,0.94,9,1.19
K2Hg1Ir1F6,-40.99543007,K,Hg,Ir,F,1,1,3,-1,19,1.52,80,1.33,77,0.82,9,1.19
K2Hg1Mn1F6,-45.82016856,K,Hg,Mn,F,1,1,3,-1,19,1.52,80,1.33,25,0.785,9,1.19
K2Hg1Mo1F6,-47.17286366,K,Hg,Mo,F,1,1,3,-1,19,1.52,80,1.33,42,0.83,9,1.19
K2Hg1Nb1F6,-48.72970927,K,Hg,Nb,F,1,1,3,-1,19,1.52,80,1.33,41,0.86,9,1.19
K2Hg1Ni1F6,-39.61719783,K,Hg,Ni,F,1,1,3,-1,19,1.52,80,1.33,28,0.74,9,1.19
K2Hg1Pd1F6,-37.73631586,K,Hg,Pd,F,1,1,3,-1,19,1.52,80,1.33,46,0.9,9,1.19
K2Hg1Rh1F6,-40.33311345,K,Hg,Rh,F,1,1,3,-1,19,1.52,80,1.33,45,0.805,9,1.19
K2Hg1Sb1F6,-39.75708492,K,Hg,Sb,F,1,1,3,-1,19,1.52,80,1.33,51,0.9,9,1.19
K2Hg1Sc1F6,-48.37477718,K,Hg,Sc,F,1,1,3,-1,19,1.52,80,1.33,21,0.885,9,1.19
K2Hg1Ta1F6,-50.86967445,K,Hg,Ta,F,1,1,3,-1,19,1.52,80,1.33,73,0.86,9,1.19
K2Hg1Ti1F6,-49.59304194,K,Hg,Ti,F,1,1,3,-1,19,1.52,80,1.33,22,0.81,9,1.19
K2Hg1Tl1Br6,-24.45720717,K,Hg,Tl,Br,1,1,3,-1,19,1.52,80,1.33,81,1.025,35,1.82
K2Hg1Tl1F6,-36.60636138,K,Hg,Tl,F,1,1,3,-1,19,1.52,80,1.33,81,1.025,9,1.19
K2Hg1Tl1I6,-21.21083206,K,Hg,Tl,I,1,1,3,-1,19,1.52,80,1.33,81,1.025,53,2.06
K2Hg1V1F6,-47.9107332,K,Hg,V,F,1,1,3,-1,19,1.52,80,1.33,23,0.78,9,1.19
K2Hg1Y1Br6,-33.00465696,K,Hg,Y,Br,1,1,3,-1,19,1.52,80,1.33,39,1.04,35,1.82
K2Hg1Y1F6,-48.43095832,K,Hg,Y,F,1,1,3,-1,19,1.52,80,1.33,39,1.04,9,1.19
K2Hg1Y1I6,-28.92596085,K,Hg,Y,I,1,1,3,-1,19,1.52,80,1.33,39,1.04,53,2.06
K2K1Al1F6,-49.94225839,K,K,Al,F,1,1,3,-1,19,1.52,19,1.52,13,0.675,9,1.19
K2K1As1F6,-44.28069986,K,K,As,F,1,1,3,-1,19,1.52,19,1.52,33,0.72,9,1.19
K2K1Au1Br6,-26.15414621,K,K,Au,Br,1,1,3,-1,19,1.52,19,1.52,79,0.99,35,1.82
K2K1Au1F6,-38.24668762,K,K,Au,F,1,1,3,-1,19,1.52,19,1.52,79,0.99,9,1.19
K2K1Bi1Br6,-30.01267041,K,K,Bi,Br,1,1,3,-1,19,1.52,19,1.52,83,1.17,35,1.82
K2K1Bi1Cl6,-33.56647624,K,K,Bi,Cl,1,1,3,-1,19,1.52,19,1.52,83,1.17,17,1.67
K2K1Bi1F6,-44.57459556,K,K,Bi,F,1,1,3,-1,19,1.52,19,1.52,83,1.17,9,1.19
K2K1Bi1I6,-26.20112972,K,K,Bi,I,1,1,3,-1,19,1.52,19,1.52,83,1.17,53,2.06
K2K1Ce1Br6,-36.38964135,K,K,Ce,Br,1,1,3,-1,19,1.52,19,1.52,58,1.15,35,1.82
K2K1Ce1Cl6,-40.38578114,K,K,Ce,Cl,1,1,3,-1,19,1.52,19,1.52,58,1.15,17,1.67
K2K1Ce1I6,-31.95974649,K,K,Ce,I,1,1,3,-1,19,1.52,19,1.52,58,1.15,53,2.06
K2K1Co1F6,-46.09106927,K,K,Co,F,1,1,3,-1,19,1.52,19,1.52,27,0.75,9,1.19
K2K1Cr1F6,-52.22107384,K,K,Cr,F,1,1,3,-1,19,1.52,19,1.52,24,0.94,9,1.19
K2K1Fe1F6,-47.574444,K,K,Fe,F,1,1,3,-1,19,1.52,19,1.52,26,0.785,9,1.19
K2K1Ga1F6,-45.56638813,K,K,Ga,F,1,1,3,-1,19,1.52,19,1.52,31,0.76,9,1.19
K2K1In1Br6,-29.25750722,K,K,In,Br,1,1,3,-1,19,1.52,19,1.52,49,0.94,35,1.82
K2K1In1F6,-44.38486118,K,K,In,F,1,1,3,-1,19,1.52,19,1.52,49,0.94,9,1.19
K2K1Ir1F6,-45.95137949,K,K,Ir,F,1,1,3,-1,19,1.52,19,1.52,77,0.82,9,1.19
K2K1Mn1F6,-50.50464712,K,K,Mn,F,1,1,3,-1,19,1.52,19,1.52,25,0.785,9,1.19
K2K1Mo1Br6,-36.13435741,K,K,Mo,Br,1,1,3,-1,19,1.52,19,1.52,42,0.83,35,1.82
K2K1Mo1Cl6,-40.11316146,K,K,Mo,Cl,1,1,3,-1,19,1.52,19,1.52,42,0.83,17,1.67
K2K1Mo1F6,-51.35819666,K,K,Mo,F,1,1,3,-1,19,1.52,19,1.52,42,0.83,9,1.19
K2K1Mo1I6,-32.02288037,K,K,Mo,I,1,1,3,-1,19,1.52,19,1.52,42,0.83,53,2.06
K2K1Nb1F6,-51.72413976,K,K,Nb,F,1,1,3,-1,19,1.52,19,1.52,41,0.86,9,1.19
K2K1Nd1Br6,-35.45206108,K,K,Nd,Br,1,1,3,-1,19,1.52,19,1.52,60,1.123,35,1.82
K2K1Nd1Cl6,-39.46643072,K,K,Nd,Cl,1,1,3,-1,19,1.52,19,1.52,60,1.123,17,1.67
K2K1Nd1F6,-51.37193132,K,K,Nd,F,1,1,3,-1,19,1.52,19,1.52,60,1.123,9,1.19
K2K1Nd1I6,-31.01831572,K,K,Nd,I,1,1,3,-1,19,1.52,19,1.52,60,1.123,53,2.06
K2K1Ni1F6,-43.93655424,K,K,Ni,F,1,1,3,-1,19,1.52,19,1.52,28,0.74,9,1.19
K2K1Pd1F6,-41.71333306,K,K,Pd,F,1,1,3,-1,19,1.52,19,1.52,46,0.9,9,1.19
K2K1Pr1Br6,-35.4270682,K,K,Pr,Br,1,1,3,-1,19,1.52,19,1.52,59,1.13,35,1.82
K2K1Pr1Cl6,-39.4146278,K,K,Pr,Cl,1,1,3,-1,19,1.52,19,1.52,59,1.13,17,1.67
K2K1Pr1F6,-51.22089714,K,K,Pr,F,1,1,3,-1,19,1.52,19,1.52,59,1.13,9,1.19
K2K1Pr1I6,-31.02083677,K,K,Pr,I,1,1,3,-1,19,1.52,19,1.52,59,1.13,53,2.06
K2K1Rh1F6,-45.41765268,K,K,Rh,F,1,1,3,-1,19,1.52,19,1.52,45,0.805,9,1.19
K2K1Ru1F6,-47.14080607,K,K,Ru,F,1,1,3,-1,19,1.52,19,1.52,44,0.82,9,1.19
K2K1Sb1Br6,-29.73125933,K,K,Sb,Br,1,1,3,-1,19,1.52,19,1.52,51,0.9,35,1.82
K2K1Sb1Cl6,-33.27113308,K,K,Sb,Cl,1,1,3,-1,19,1.52,19,1.52,51,0.9,17,1.67
K2K1Sb1F6,-44.52053239,K,K,Sb,F,1,1,3,-1,19,1.52,19,1.52,51,0.9,9,1.19
K2K1Sb1I6,-25.97337617,K,K,Sb,I,1,1,3,-1,19,1.52,19,1.52,51,0.9,53,2.06
K2K1Sc1Cl6,-40.77363735,K,K,Sc,Cl,1,1,3,-1,19,1.52,19,1.52,21,0.885,17,1.67
K2K1Sc1F6,-53.70235628,K,K,Sc,F,1,1,3,-1,19,1.52,19,1.52,21,0.885,9,1.19
K2K1Ta1Br6,-37.43582242,K,K,Ta,Br,1,1,3,-1,19,1.52,19,1.52,73,0.86,35,1.82
K2K1Ta1Cl6,-41.53893267,K,K,Ta,Cl,1,1,3,-1,19,1.52,19,1.52,73,0.86,17,1.67
K2K1Ta1F6,-52.90722545,K,K,Ta,F,1,1,3,-1,19,1.52,19,1.52,73,0.86,9,1.19
K2K1Ta1I6,-33.16490318,K,K,Ta,I,1,1,3,-1,19,1.52,19,1.52,73,0.86,53,2.06
K2K1Ti1F6,-52.66083321,K,K,Ti,F,1,1,3,-1,19,1.52,19,1.52,22,0.81,9,1.19
K2K1Tl1Br6,-27.34898814,K,K,Tl,Br,1,1,3,-1,19,1.52,19,1.52,81,1.025,35,1.82
K2K1Tl1F6,-41.04905201,K,K,Tl,F,1,1,3,-1,19,1.52,19,1.52,81,1.025,9,1.19
K2K1Tl1I6,-23.63117734,K,K,Tl,I,1,1,3,-1,19,1.52,19,1.52,81,1.025,53,2.06
K2K1V1F6,-52.24058112,K,K,V,F,1,1,3,-1,19,1.52,19,1.52,23,0.78,9,1.19
K2K1Y1Br6,-37.30699646,K,K,Y,Br,1,1,3,-1,19,1.52,19,1.52,39,1.04,35,1.82
K2K1Y1Cl6,-41.43757236,K,K,Y,Cl,1,1,3,-1,19,1.52,19,1.52,39,1.04,17,1.67
K2K1Y1F6,-53.72605263,K,K,Y,F,1,1,3,-1,19,1.52,19,1.52,39,1.04,9,1.19
K2K1Y1I6,-32.76201004,K,K,Y,I,1,1,3,-1,19,1.52,19,1.52,39,1.04,53,2.06
K2Li1As1F6,-45.74907203,K,Li,As,F,1,1,3,-1,19,1.52,3,0.9,33,0.72,9,1.19
K2Li1Au1F6,-39.750093,K,Li,Au,F,1,1,3,-1,19,1.52,3,0.9,79,0.99,9,1.19
K2Li1Bi1Br6,-30.71059697,K,Li,Bi,Br,1,1,3,-1,19,1.52,3,0.9,83,1.17,35,1.82
K2Li1Bi1Cl6,-34.41548559,K,Li,Bi,Cl,1,1,3,-1,19,1.52,3,0.9,83,1.17,17,1.67
K2Li1Bi1F6,-46.0160489,K,Li,Bi,F,1,1,3,-1,19,1.52,3,0.9,83,1.17,9,1.19
K2Li1Bi1I6,-26.74440099,K,Li,Bi,I,1,1,3,-1,19,1.52,3,0.9,83,1.17,53,2.06
K2Li1Ce1Br6,-37.13987874,K,Li,Ce,Br,1,1,3,-1,19,1.52,3,0.9,58,1.15,35,1.82
K2Li1Ce1Cl6,-41.28163148,K,Li,Ce,Cl,1,1,3,-1,19,1.52,3,0.9,58,1.15,17,1.67
K2Li1Ce1F6,-53.75406259,K,Li,Ce,F,1,1,3,-1,19,1.52,3,0.9,58,1.15,9,1.19
K2Li1Ce1I6,-32.54633265,K,Li,Ce,I,1,1,3,-1,19,1.52,3,0.9,58,1.15,53,2.06
K2Li1Co1F6,-47.40811999,K,Li,Co,F,1,1,3,-1,19,1.52,3,0.9,27,0.75,9,1.19
K2Li1Cr1F6,-53.63627466,K,Li,Cr,F,1,1,3,-1,19,1.52,3,0.9,24,0.94,9,1.19
K2Li1Fe1F6,-48.98248274,K,Li,Fe,F,1,1,3,-1,19,1.52,3,0.9,26,0.785,9,1.19
K2Li1Ga1F6,-46.95193849,K,Li,Ga,F,1,1,3,-1,19,1.52,3,0.9,31,0.76,9,1.19
K2Li1In1Cl6,-33.84292772,K,Li,In,Cl,1,1,3,-1,19,1.52,3,0.9,49,0.94,17,1.67
K2Li1In1F6,-45.84265999,K,Li,In,F,1,1,3,-1,19,1.52,3,0.9,49,0.94,9,1.19
K2Li1Ir1F6,-47.40458548,K,Li,Ir,F,1,1,3,-1,19,1.52,3,0.9,77,0.82,9,1.19
K2Li1Mn1F6,-51.99402214,K,Li,Mn,F,1,1,3,-1,19,1.52,3,0.9,25,0.785,9,1.19
K2Li1Mo1Br6,-36.73369662,K,Li,Mo,Br,1,1,3,-1,19,1.52,3,0.9,42,0.83,35,1.82
K2Li1Mo1Cl6,-40.88382883,K,Li,Mo,Cl,1,1,3,-1,19,1.52,3,0.9,42,0.83,17,1.67
K2Li1Mo1F6,-52.86345964,K,Li,Mo,F,1,1,3,-1,19,1.52,3,0.9,42,0.83,9,1.19
K2Li1Mo1I6,-32.44088783,K,Li,Mo,I,1,1,3,-1,19,1.52,3,0.9,42,0.83,53,2.06
K2Li1Nb1F6,-53.26455234,K,Li,Nb,F,1,1,3,-1,19,1.52,3,0.9,41,0.86,9,1.19
K2Li1Nd1Br6,-36.18617563,K,Li,Nd,Br,1,1,3,-1,19,1.52,3,0.9,60,1.123,35,1.82
K2Li1Nd1Cl6,-40.35151543,K,Li,Nd,Cl,1,1,3,-1,19,1.52,3,0.9,60,1.123,17,1.67
K2Li1Nd1F6,-52.82274373,K,Li,Nd,F,1,1,3,-1,19,1.52,3,0.9,60,1.123,9,1.19
K2Li1Nd1I6,-31.58356536,K,Li,Nd,I,1,1,3,-1,19,1.52,3,0.9,60,1.123,53,2.06
K2Li1Ni1F6,-45.34405076,K,Li,Ni,F,1,1,3,-1,19,1.52,3,0.9,28,0.74,9,1.19
K2Li1Pd1F6,-43.23836981,K,Li,Pd,F,1,1,3,-1,19,1.52,3,0.9,46,0.9,9,1.19
K2Li1Pr1Br6,-36.1613848,K,Li,Pr,Br,1,1,3,-1,19,1.52,3,0.9,59,1.13,35,1.82
K2Li1Pr1Cl6,-40.29682374,K,Li,Pr,Cl,1,1,3,-1,19,1.52,3,0.9,59,1.13,17,1.67
K2Li1Pr1I6,-31.58879957,K,Li,Pr,I,1,1,3,-1,19,1.52,3,0.9,59,1.13,53,2.06
K2Li1Rh1F6,-46.85103017,K,Li,Rh,F,1,1,3,-1,19,1.52,3,0.9,45,0.805,9,1.19
K2Li1Ru1F6,-48.64034611,K,Li,Ru,F,1,1,3,-1,19,1.52,3,0.9,44,0.82,9,1.19
K2Li1Sb1Br6,-30.44539193,K,Li,Sb,Br,1,1,3,-1,19,1.52,3,0.9,51,0.9,35,1.82
K2Li1Sb1Cl6,-34.13576551,K,Li,Sb,Cl,1,1,3,-1,19,1.52,3,0.9,51,0.9,17,1.67
K2Li1Sb1F6,-45.96045306,K,Li,Sb,F,1,1,3,-1,19,1.52,3,0.9,51,0.9,9,1.19
K2Li1Sb1I6,-26.53686543,K,Li,Sb,I,1,1,3,-1,19,1.52,3,0.9,51,0.9,53,2.06
K2Li1Sc1Cl6,-41.64831419,K,Li,Sc,Cl,1,1,3,-1,19,1.52,3,0.9,21,0.885,17,1.67
K2Li1Sc1F6,-55.18999156,K,Li,Sc,F,1,1,3,-1,19,1.52,3,0.9,21,0.885,9,1.19
K2Li1Ta1Br6,-38.09162323,K,Li,Ta,Br,1,1,3,-1,19,1.52,3,0.9,73,0.86,35,1.82
K2Li1Ta1Cl6,-42.36553505,K,Li,Ta,Cl,1,1,3,-1,19,1.52,3,0.9,73,0.86,17,1.67
K2Li1Ta1F6,-54.5649973,K,Li,Ta,F,1,1,3,-1,19,1.52,3,0.9,73,0.86,9,1.19
K2Li1Ta1I6,-33.63619484,K,Li,Ta,I,1,1,3,-1,19,1.52,3,0.9,73,0.86,53,2.06
K2Li1Ti1F6,-54.14757454,K,Li,Ti,F,1,1,3,-1,19,1.52,3,0.9,22,0.81,9,1.19
K2Li1Tl1F6,-42.52898288,K,Li,Tl,F,1,1,3,-1,19,1.52,3,0.9,81,1.025,9,1.19
K2Li1V1F6,-53.71155016,K,Li,V,F,1,1,3,-1,19,1.52,3,0.9,23,0.78,9,1.19
K2Li1Y1Br6,-38.02761588,K,Li,Y,Br,1,1,3,-1,19,1.52,3,0.9,39,1.04,35,1.82
K2Li1Y1Cl6,-42.31864665,K,Li,Y,Cl,1,1,3,-1,19,1.52,3,0.9,39,1.04,17,1.67
K2Li1Y1F6,-55.19797594,K,Li,Y,F,1,1,3,-1,19,1.52,3,0.9,39,1.04,9,1.19
K2Li1Y1I6,-33.30239918,K,Li,Y,I,1,1,3,-1,19,1.52,3,0.9,39,1.04,53,2.06
K2Na1Al1F6,-50.49225249,K,Na,Al,F,1,1,3,-1,19,1.52,11,1.16,13,0.675,9,1.19
K2Na1As1F6,-44.86303432,K,Na,As,F,1,1,3,-1,19,1.52,11,1.16,33,0.72,9,1.19
K2Na1Au1Br6,-26.34104692,K,Na,Au,Br,1,1,3,-1,19,1.52,11,1.16,79,0.99,35,1.82
K2Na1Au1F6,-38.82353729,K,Na,Au,F,1,1,3,-1,19,1.52,11,1.16,79,0.99,9,1.19
K2Na1Bi1Br6,-30.10980536,K,Na,Bi,Br,1,1,3,-1,19,1.52,11,1.16,83,1.17,35,1.82
K2Na1Bi1Cl6,-33.75987331,K,Na,Bi,Cl,1,1,3,-1,19,1.52,11,1.16,83,1.17,17,1.67
K2Na1Bi1F6,-45.11754098,K,Na,Bi,F,1,1,3,-1,19,1.52,11,1.16,83,1.17,9,1.19
K2Na1Bi1I6,-26.207971,K,Na,Bi,I,1,1,3,-1,19,1.52,11,1.16,83,1.17,53,2.06
K2Na1Ce1Br6,-36.5247857,K,Na,Ce,Br,1,1,3,-1,19,1.52,11,1.16,58,1.15,35,1.82
K2Na1Ce1Cl6,-40.61055297,K,Na,Ce,Cl,1,1,3,-1,19,1.52,11,1.16,58,1.15,17,1.67
K2Na1Ce1F6,-52.84636686,K,Na,Ce,F,1,1,3,-1,19,1.52,11,1.16,58,1.15,9,1.19
K2Na1Ce1I6,-31.99659373,K,Na,Ce,I,1,1,3,-1,19,1.52,11,1.16,58,1.15,53,2.06
K2Na1Co1F6,-46.61869858,K,Na,Co,F,1,1,3,-1,19,1.52,11,1.16,27,0.75,9,1.19
K2Na1Fe1F6,-48.39904492,K,Na,Fe,F,1,1,3,-1,19,1.52,11,1.16,26,0.785,9,1.19
K2Na1Ga1F6,-46.13500769,K,Na,Ga,F,1,1,3,-1,19,1.52,11,1.16,31,0.76,9,1.19
K2Na1In1Br6,-29.33136368,K,Na,In,Br,1,1,3,-1,19,1.52,11,1.16,49,0.94,35,1.82
K2Na1In1Cl6,-33.22462906,K,Na,In,Cl,1,1,3,-1,19,1.52,11,1.16,49,0.94,17,1.67
K2Na1In1F6,-44.96258636,K,Na,In,F,1,1,3,-1,19,1.52,11,1.16,49,0.94,9,1.19
K2Na1Ir1F6,-46.52581847,K,Na,Ir,F,1,1,3,-1,19,1.52,11,1.16,77,0.82,9,1.19
K2Na1Mn1F6,-51.11623002,K,Na,Mn,F,1,1,3,-1,19,1.52,11,1.16,25,0.785,9,1.19
K2Na1Mo1Br6,-36.19252356,K,Na,Mo,Br,1,1,3,-1,19,1.52,11,1.16,42,0.83,35,1.82
K2Na1Mo1Cl6,-40.28002669,K,Na,Mo,Cl,1,1,3,-1,19,1.52,11,1.16,42,0.83,17,1.67
K2Na1Mo1F6,-51.96181432,K,Na,Mo,F,1,1,3,-1,19,1.52,11,1.16,42,0.83,9,1.19
K2Na1Mo1I6,-31.97027931,K,Na,Mo,I,1,1,3,-1,19,1.52,11,1.16,42,0.83,53,2.06
K2Na1Nb1F6,-52.33935032,K,Na,Nb,F,1,1,3,-1,19,1.52,11,1.16,41,0.86,9,1.19
K2Na1Nd1Br6,-35.5799432,K,Na,Nd,Br,1,1,3,-1,19,1.52,11,1.16,60,1.123,35,1.82
K2Na1Nd1Cl6,-39.68677309,K,Na,Nd,Cl,1,1,3,-1,19,1.52,11,1.16,60,1.123,17,1.67
K2Na1Nd1F6,-51.921690999999996,K,Na,Nd,F,1,1,3,-1,19,1.52,11,1.16,60,1.123,9,1.19
K2Na1Nd1I6,-31.04463706,K,Na,Nd,I,1,1,3,-1,19,1.52,11,1.16,60,1.123,53,2.06
K2Na1Ni1F6,-44.50356885,K,Na,Ni,F,1,1,3,-1,19,1.52,11,1.16,28,0.74,9,1.19
K2Na1Pd1F6,-42.31328513,K,Na,Pd,F,1,1,3,-1,19,1.52,11,1.16,46,0.9,9,1.19
K2Na1Pr1Br6,-35.55379347,K,Na,Pr,Br,1,1,3,-1,19,1.52,11,1.16,59,1.13,35,1.82
K2Na1Pr1Cl6,-39.63285511,K,Na,Pr,Cl,1,1,3,-1,19,1.52,11,1.16,59,1.13,17,1.67
K2Na1Pr1F6,-51.76165962,K,Na,Pr,F,1,1,3,-1,19,1.52,11,1.16,59,1.13,9,1.19
K2Na1Pr1I6,-31.04776263,K,Na,Pr,I,1,1,3,-1,19,1.52,11,1.16,59,1.13,53,2.06
K2Na1Rh1F6,-45.982798200000005,K,Na,Rh,F,1,1,3,-1,19,1.52,11,1.16,45,0.805,9,1.19
K2Na1Ru1F6,-47.73934494,K,Na,Ru,F,1,1,3,-1,19,1.52,11,1.16,44,0.82,9,1.19
K2Na1Sb1Br6,-29.83841574,K,Na,Sb,Br,1,1,3,-1,19,1.52,11,1.16,51,0.9,35,1.82
K2Na1Sb1Cl6,-33.47266152,K,Na,Sb,Cl,1,1,3,-1,19,1.52,11,1.16,51,0.9,17,1.67
K2Na1Sb1F6,-45.07249984,K,Na,Sb,F,1,1,3,-1,19,1.52,11,1.16,51,0.9,9,1.19
K2Na1Sb1I6,-25.99075393,K,Na,Sb,I,1,1,3,-1,19,1.52,11,1.16,51,0.9,53,2.06
K2Na1Sc1Cl6,-40.99992717,K,Na,Sc,Cl,1,1,3,-1,19,1.52,11,1.16,21,0.885,17,1.67
K2Na1Sc1F6,-54.30715635,K,Na,Sc,F,1,1,3,-1,19,1.52,11,1.16,21,0.885,9,1.19
K2Na1Ta1Br6,-37.51985051,K,Na,Ta,Br,1,1,3,-1,19,1.52,11,1.16,73,0.86,35,1.82
K2Na1Ta1Cl6,-41.72879107,K,Na,Ta,Cl,1,1,3,-1,19,1.52,11,1.16,73,0.86,17,1.67
K2Na1Ta1F6,-53.47226517,K,Na,Ta,F,1,1,3,-1,19,1.52,11,1.16,73,0.86,9,1.19
K2Na1Ta1I6,-33.13957402,K,Na,Ta,I,1,1,3,-1,19,1.52,11,1.16,73,0.86,53,2.06
K2Na1Ti1F6,-53.26548891,K,Na,Ti,F,1,1,3,-1,19,1.52,11,1.16,22,0.81,9,1.19
K2Na1Tl1Br6,-27.43517285,K,Na,Tl,Br,1,1,3,-1,19,1.52,11,1.16,81,1.025,35,1.82
K2Na1Tl1F6,-41.61828895,K,Na,Tl,F,1,1,3,-1,19,1.52,11,1.16,81,1.025,9,1.19
K2Na1Tl1I6,-23.641939100000002,K,Na,Tl,I,1,1,3,-1,19,1.52,11,1.16,81,1.025,53,2.06
K2Na1V1F6,-52.84220574,K,Na,V,F,1,1,3,-1,19,1.52,11,1.16,23,0.78,9,1.19
K2Na1Y1Br6,-37.42970243,K,Na,Y,Br,1,1,3,-1,19,1.52,11,1.16,39,1.04,35,1.82
K2Na1Y1Cl6,-41.65996478,K,Na,Y,Cl,1,1,3,-1,19,1.52,11,1.16,39,1.04,17,1.67
K2Na1Y1F6,-54.30176795,K,Na,Y,F,1,1,3,-1,19,1.52,11,1.16,39,1.04,9,1.19
K2Na1Y1I6,-32.77720573,K,Na,Y,I,1,1,3,-1,19,1.52,11,1.16,39,1.04,53,2.06
K2Rb1Al1F6,-49.39059572,K,Rb,Al,F,1,1,3,-1,19,1.52,37,1.66,13,0.675,9,1.19
K2Rb1As1F6,-43.75323336,K,Rb,As,F,1,1,3,-1,19,1.52,37,1.66,33,0.72,9,1.19
K2Rb1Au1Br6,-25.87540195,K,Rb,Au,Br,1,1,3,-1,19,1.52,37,1.66,79,0.99,35,1.82
K2Rb1Au1F6,-37.73023479,K,Rb,Au,F,1,1,3,-1,19,1.52,37,1.66,79,0.99,9,1.19
K2Rb1Bi1F6,-44.08032999,K,Rb,Bi,F,1,1,3,-1,19,1.52,37,1.66,83,1.17,9,1.19
K2Rb1Co1F6,-45.56387191,K,Rb,Co,F,1,1,3,-1,19,1.52,37,1.66,27,0.75,9,1.19
K2Rb1Cr1F6,-51.67630591,K,Rb,Cr,F,1,1,3,-1,19,1.52,37,1.66,24,0.94,9,1.19
K2Rb1Ga1F6,-45.02087384,K,Rb,Ga,F,1,1,3,-1,19,1.52,37,1.66,31,0.76,9,1.19
K2Rb1In1Br6,-28.96699832,K,Rb,In,Br,1,1,3,-1,19,1.52,37,1.66,49,0.94,35,1.82
K2Rb1In1F6,-43.8594956,K,Rb,In,F,1,1,3,-1,19,1.52,37,1.66,49,0.94,9,1.19
K2Rb1Ir1F6,-45.42063478,K,Rb,Ir,F,1,1,3,-1,19,1.52,37,1.66,77,0.82,9,1.19
K2Rb1Mn1F6,-49.968684700000004,K,Rb,Mn,F,1,1,3,-1,19,1.52,37,1.66,25,0.785,9,1.19
K2Rb1Mo1F6,-50.8223998,K,Rb,Mo,F,1,1,3,-1,19,1.52,37,1.66,42,0.83,9,1.19
K2Rb1Nb1F6,-51.18624197,K,Rb,Nb,F,1,1,3,-1,19,1.52,37,1.66,41,0.86,9,1.19
K2Rb1Pd1F6,-41.20502327,K,Rb,Pd,F,1,1,3,-1,19,1.52,37,1.66,46,0.9,9,1.19
K2Rb1Rh1F6,-44.8895091,K,Rb,Rh,F,1,1,3,-1,19,1.52,37,1.66,45,0.805,9,1.19
K2Rb1Ru1F6,-46.6002492,K,Rb,Ru,F,1,1,3,-1,19,1.52,37,1.66,44,0.82,9,1.19
K2Rb1Sb1F6,-44.01585612,K,Rb,Sb,F,1,1,3,-1,19,1.52,37,1.66,51,0.9,9,1.19
K2Rb1Sc1F6,-53.16216779,K,Rb,Sc,F,1,1,3,-1,19,1.52,37,1.66,21,0.885,9,1.19
K2Rb1Ta1F6,-52.44909892,K,Rb,Ta,F,1,1,3,-1,19,1.52,37,1.66,73,0.86,9,1.19
K2Rb1Ti1F6,-52.11415789,K,Rb,Ti,F,1,1,3,-1,19,1.52,37,1.66,22,0.81,9,1.19
K2Rb1Tl1Br6,-27.065135700000003,K,Rb,Tl,Br,1,1,3,-1,19,1.52,37,1.66,81,1.025,35,1.82
K2Rb1Tl1F6,-40.54081952,K,Rb,Tl,F,1,1,3,-1,19,1.52,37,1.66,81,1.025,9,1.19
K2Rb1V1F6,-51.68943534,K,Rb,V,F,1,1,3,-1,19,1.52,37,1.66,23,0.78,9,1.19
K2Rb1Y1Br6,-36.995371999999996,K,Rb,Y,Br,1,1,3,-1,19,1.52,37,1.66,39,1.04,35,1.82
K2Rb1Y1F6,-53.21213608,K,Rb,Y,F,1,1,3,-1,19,1.52,37,1.66,39,1.04,9,1.19
K2Tl1Al1F6,-48.75138215,K,Tl,Al,F,1,1,3,-1,19,1.52,81,1.64,13,0.675,9,1.19
K2Tl1As1F6,-43.25241699,K,Tl,As,F,1,1,3,-1,19,1.52,81,1.64,33,0.72,9,1.19
K2Tl1Au1Br6,-26.63271732,K,Tl,Au,Br,1,1,3,-1,19,1.52,81,1.64,79,0.99,35,1.82
K2Tl1Au1F6,-38.06739134,K,Tl,Au,F,1,1,3,-1,19,1.52,81,1.64,79,0.99,9,1.19
K2Tl1Bi1F6,-43.56143255,K,Tl,Bi,F,1,1,3,-1,19,1.52,81,1.64,83,1.17,9,1.19
K2Tl1Co1F6,-45.0991454,K,Tl,Co,F,1,1,3,-1,19,1.52,81,1.64,27,0.75,9,1.19
K2Tl1Cr1F6,-51.10868798,K,Tl,Cr,F,1,1,3,-1,19,1.52,81,1.64,24,0.94,9,1.19
K2Tl1Fe1F6,-46.53928318,K,Tl,Fe,F,1,1,3,-1,19,1.52,81,1.64,26,0.785,9,1.19
K2Tl1Ga1F6,-44.43020912,K,Tl,Ga,F,1,1,3,-1,19,1.52,81,1.64,31,0.76,9,1.19
K2Tl1In1Br6,-28.79579472,K,Tl,In,Br,1,1,3,-1,19,1.52,81,1.64,49,0.94,35,1.82
K2Tl1Ir1F6,-44.87621472,K,Tl,Ir,F,1,1,3,-1,19,1.52,81,1.64,77,0.82,9,1.19
K2Tl1Mn1F6,-49.58733682,K,Tl,Mn,F,1,1,3,-1,19,1.52,81,1.64,25,0.785,9,1.19
K2Tl1Mo1F6,-50.24861037,K,Tl,Mo,F,1,1,3,-1,19,1.52,81,1.64,42,0.83,9,1.19
K2Tl1Nb1F6,-50.62462649,K,Tl,Nb,F,1,1,3,-1,19,1.52,81,1.64,41,0.86,9,1.19
K2Tl1Ni1F6,-43.32492578,K,Tl,Ni,F,1,1,3,-1,19,1.52,81,1.64,28,0.74,9,1.19
K2Tl1Pd1F6,-41.12342115,K,Tl,Pd,F,1,1,3,-1,19,1.52,81,1.64,46,0.9,9,1.19
K2Tl1Rh1F6,-44.39688695,K,Tl,Rh,F,1,1,3,-1,19,1.52,81,1.64,45,0.805,9,1.19
K2Tl1Ru1F6,-46.05819866,K,Tl,Ru,F,1,1,3,-1,19,1.52,81,1.64,44,0.82,9,1.19
K2Tl1Sb1F6,-43.5091579,K,Tl,Sb,F,1,1,3,-1,19,1.52,81,1.64,51,0.9,9,1.19
K2Tl1Sc1F6,-52.585206400000004,K,Tl,Sc,F,1,1,3,-1,19,1.52,81,1.64,21,0.885,9,1.19
K2Tl1Ta1F6,-51.90105341,K,Tl,Ta,F,1,1,3,-1,19,1.52,81,1.64,73,0.86,9,1.19
K2Tl1Ti1F6,-51.54166822,K,Tl,Ti,F,1,1,3,-1,19,1.52,81,1.64,22,0.81,9,1.19
K2Tl1Tl1Br6,-27.04068755,K,Tl,Tl,Br,1,1,3,-1,19,1.52,81,1.64,81,1.025,35,1.82
K2Tl1Tl1F6,-40.09906257,K,Tl,Tl,F,1,1,3,-1,19,1.52,81,1.64,81,1.025,9,1.19
K2Tl1V1F6,-51.11281704,K,Tl,V,F,1,1,3,-1,19,1.52,81,1.64,23,0.78,9,1.19
K2Tl1Y1Br6,-36.6896986,K,Tl,Y,Br,1,1,3,-1,19,1.52,81,1.64,39,1.04,35,1.82
Li2Ag1Al1F6,-46.84887498,Li,Ag,Al,F,1,1,3,-1,3,0.9,47,1.29,13,0.675,9,1.19
Li2Ag1As1F6,-41.03173637,Li,Ag,As,F,1,1,3,-1,3,0.9,47,1.29,33,0.72,9,1.19
Li2Ag1Co1F6,-43.26519342,Li,Ag,Co,F,1,1,3,-1,3,0.9,47,1.29,27,0.75,9,1.19
Li2Ag1Fe1F6,-44.85464661,Li,Ag,Fe,F,1,1,3,-1,3,0.9,47,1.29,26,0.785,9,1.19
Li2Ag1Mn1F6,-47.67150213,Li,Ag,Mn,F,1,1,3,-1,3,0.9,47,1.29,25,0.785,9,1.19
Li2Ag1Ni1F6,-41.62688916,Li,Ag,Ni,F,1,1,3,-1,3,0.9,47,1.29,28,0.74,9,1.19
Li2Cu1Al1F6,-48.26617172,Li,Cu,Al,F,1,1,3,-1,3,0.9,29,0.91,13,0.675,9,1.19
Li2Cu1As1F6,-42.50646726,Li,Cu,As,F,1,1,3,-1,3,0.9,29,0.91,33,0.72,9,1.19
Li2Cu1Au1F6,-38.37168543,Li,Cu,Au,F,1,1,3,-1,3,0.9,29,0.91,79,0.99,9,1.19
Li2Cu1Cr1F6,-50.74736934,Li,Cu,Cr,F,1,1,3,-1,3,0.9,29,0.91,24,0.94,9,1.19
Li2Cu1Ir1F6,-44.2943729,Li,Cu,Ir,F,1,1,3,-1,3,0.9,29,0.91,77,0.82,9,1.19
Li2Cu1Mn1F6,-49.86490692,Li,Cu,Mn,F,1,1,3,-1,3,0.9,29,0.91,25,0.785,9,1.19
Li2Cu1Mo1F6,-49.34604534,Li,Cu,Mo,F,1,1,3,-1,3,0.9,29,0.91,42,0.83,9,1.19
Li2Cu1Ni1F6,-44.2941368,Li,Cu,Ni,F,1,1,3,-1,3,0.9,29,0.91,28,0.74,9,1.19
Li2Cu1Sb1F6,-42.49805434,Li,Cu,Sb,F,1,1,3,-1,3,0.9,29,0.91,51,0.9,9,1.19
Li2Cu1Sc1F6,-51.74404483,Li,Cu,Sc,F,1,1,3,-1,3,0.9,29,0.91,21,0.885,9,1.19
Li2Hg1Al1F6,-43.21405285,Li,Hg,Al,F,1,1,3,-1,3,0.9,80,1.33,13,0.675,9,1.19
Li2Hg1Co1F6,-39.63222639999999,Li,Hg,Co,F,1,1,3,-1,3,0.9,80,1.33,27,0.75,9,1.19
Li2Hg1Fe1F6,-41.70398970000001,Li,Hg,Fe,F,1,1,3,-1,3,0.9,80,1.33,26,0.785,9,1.19
Li2Li1Al1F6,-51.33512264,Li,Li,Al,F,1,1,3,-1,3,0.9,3,0.9,13,0.675,9,1.19
Li2Li1As1F6,-45.00376023,Li,Li,As,F,1,1,3,-1,3,0.9,3,0.9,33,0.72,9,1.19
Li2Li1Au1F6,-38.78728336,Li,Li,Au,F,1,1,3,-1,3,0.9,3,0.9,79,0.99,9,1.19
Li2Li1Co1F6,-47.34748014,Li,Li,Co,F,1,1,3,-1,3,0.9,3,0.9,27,0.75,9,1.19
Li2Li1Cr1F6,-53.32213056,Li,Li,Cr,F,1,1,3,-1,3,0.9,3,0.9,24,0.94,9,1.19
Li2Li1Ga1F6,-46.68323475,Li,Li,Ga,F,1,1,3,-1,3,0.9,3,0.9,31,0.76,9,1.19
Li2Li1In1F6,-45.02092499,Li,Li,In,F,1,1,3,-1,3,0.9,3,0.9,49,0.94,9,1.19
Li2Li1Ir1F6,-46.72657311,Li,Li,Ir,F,1,1,3,-1,3,0.9,3,0.9,77,0.82,9,1.19
Li2Li1Mn1F6,-51.61167678,Li,Li,Mn,F,1,1,3,-1,3,0.9,3,0.9,25,0.785,9,1.19
Li2Li1Mo1F6,-52.08901333,Li,Li,Mo,F,1,1,3,-1,3,0.9,3,0.9,42,0.83,9,1.19
Li2Li1Nb1F6,-52.42005108,Li,Li,Nb,F,1,1,3,-1,3,0.9,3,0.9,41,0.86,9,1.19
Li2Li1Ni1F6,-45.19432653,Li,Li,Ni,F,1,1,3,-1,3,0.9,3,0.9,28,0.74,9,1.19
Li2Li1Pd1F6,-42.52880065,Li,Li,Pd,F,1,1,3,-1,3,0.9,3,0.9,46,0.9,9,1.19
Li2Li1Rh1F6,-46.25530306,Li,Li,Rh,F,1,1,3,-1,3,0.9,3,0.9,45,0.805,9,1.19
Li2Li1Ru1F6,-48.01967073,Li,Li,Ru,F,1,1,3,-1,3,0.9,3,0.9,44,0.82,9,1.19
Li2Li1Sb1F6,-44.92482057,Li,Li,Sb,F,1,1,3,-1,3,0.9,3,0.9,51,0.9,9,1.19
Li2Li1Sc1F6,-54.55573809,Li,Li,Sc,F,1,1,3,-1,3,0.9,3,0.9,21,0.885,9,1.19
Li2Li1Ta1F6,-53.67287941,Li,Li,Ta,F,1,1,3,-1,3,0.9,3,0.9,73,0.86,9,1.19
Li2Li1Ti1F6,-53.64832867,Li,Li,Ti,F,1,1,3,-1,3,0.9,3,0.9,22,0.81,9,1.19
Li2Li1Tl1F6,-41.48451499,Li,Li,Tl,F,1,1,3,-1,3,0.9,3,0.9,81,1.025,9,1.19
Li2Li1V1F6,-53.32015242,Li,Li,V,F,1,1,3,-1,3,0.9,3,0.9,23,0.78,9,1.19
Li2Li1Y1F6,-54.17005716,Li,Li,Y,F,1,1,3,-1,3,0.9,3,0.9,39,1.04,9,1.19
Li2Na1Al1F6,-49.82248195,Li,Na,Al,F,1,1,3,-1,3,0.9,11,1.16,13,0.675,9,1.19
Li2Na1As1F6,-43.63407052,Li,Na,As,F,1,1,3,-1,3,0.9,11,1.16,33,0.72,9,1.19
Li2Na1Co1F6,-45.86535885,Li,Na,Co,F,1,1,3,-1,3,0.9,11,1.16,27,0.75,9,1.19
Li2Na1Cr1F6,-51.851257700000005,Li,Na,Cr,F,1,1,3,-1,3,0.9,11,1.16,24,0.94,9,1.19
Li2Na1Fe1F6,-47.30729749,Li,Na,Fe,F,1,1,3,-1,3,0.9,11,1.16,26,0.785,9,1.19
Li2Na1Ga1F6,-45.22495722,Li,Na,Ga,F,1,1,3,-1,3,0.9,11,1.16,31,0.76,9,1.19
Li2Na1Ir1F6,-45.33645052,Li,Na,Ir,F,1,1,3,-1,3,0.9,11,1.16,77,0.82,9,1.19
Li2Na1Mn1F6,-50.11652237,Li,Na,Mn,F,1,1,3,-1,3,0.9,11,1.16,25,0.785,9,1.19
Li2Na1Mo1F6,-50.6926141,Li,Na,Mo,F,1,1,3,-1,3,0.9,11,1.16,42,0.83,9,1.19
Li2Na1Nb1F6,-51.02826785,Li,Na,Nb,F,1,1,3,-1,3,0.9,11,1.16,41,0.86,9,1.19
Li2Na1Rh1F6,-44.85295675,Li,Na,Rh,F,1,1,3,-1,3,0.9,11,1.16,45,0.805,9,1.19
Li2Na1Ru1F6,-46.57993574,Li,Na,Ru,F,1,1,3,-1,3,0.9,11,1.16,44,0.82,9,1.19
Li2Na1Ta1F6,-52.4560044,Li,Na,Ta,F,1,1,3,-1,3,0.9,11,1.16,73,0.86,9,1.19
Li2Na1Ti1F6,-52.18193777,Li,Na,Ti,F,1,1,3,-1,3,0.9,11,1.16,22,0.81,9,1.19
Li2Na1V1F6,-51.83460827,Li,Na,V,F,1,1,3,-1,3,0.9,11,1.16,23,0.78,9,1.19
Na2Ag1Al1F6,-46.92734508,Na,Ag,Al,F,1,1,3,-1,11,1.16,47,1.29,13,0.675,9,1.19
Na2Ag1As1F6,-41.2087057,Na,Ag,As,F,1,1,3,-1,11,1.16,47,1.29,33,0.72,9,1.19
Na2Ag1Au1Br6,-24.92726325,Na,Ag,Au,Br,1,1,3,-1,11,1.16,47,1.29,79,0.99,35,1.82
Na2Ag1Au1F6,-35.81501989,Na,Ag,Au,F,1,1,3,-1,11,1.16,47,1.29,79,0.99,9,1.19
Na2Ag1Co1F6,-43.16306597,Na,Ag,Co,F,1,1,3,-1,11,1.16,47,1.29,27,0.75,9,1.19
Na2Ag1Cr1F6,-49.16625096,Na,Ag,Cr,F,1,1,3,-1,11,1.16,47,1.29,24,0.94,9,1.19
Na2Ag1Fe1F6,-44.71938456,Na,Ag,Fe,F,1,1,3,-1,11,1.16,47,1.29,26,0.785,9,1.19
Na2Ag1Ga1F6,-42.47813104,Na,Ag,Ga,F,1,1,3,-1,11,1.16,47,1.29,31,0.76,9,1.19
Na2Ag1In1Br6,-26.90942104,Na,Ag,In,Br,1,1,3,-1,11,1.16,47,1.29,49,0.94,35,1.82
Na2Ag1In1F6,-41.13844294,Na,Ag,In,F,1,1,3,-1,11,1.16,47,1.29,49,0.94,9,1.19
Na2Ag1Ir1F6,-42.71920889,Na,Ag,Ir,F,1,1,3,-1,11,1.16,47,1.29,77,0.82,9,1.19
Na2Ag1Mn1F6,-47.78791352,Na,Ag,Mn,F,1,1,3,-1,11,1.16,47,1.29,25,0.785,9,1.19
Na2Ag1Mo1F6,-48.07983141,Na,Ag,Mo,F,1,1,3,-1,11,1.16,47,1.29,42,0.83,9,1.19
Na2Ag1Nb1F6,-48.54158328,Na,Ag,Nb,F,1,1,3,-1,11,1.16,47,1.29,41,0.86,9,1.19
Na2Ag1Pd1F6,-39.24209658,Na,Ag,Pd,F,1,1,3,-1,11,1.16,47,1.29,46,0.9,9,1.19
Na2Ag1Rh1F6,-42.35019969,Na,Ag,Rh,F,1,1,3,-1,11,1.16,47,1.29,45,0.805,9,1.19
Na2Ag1Ru1F6,-43.95829692,Na,Ag,Ru,F,1,1,3,-1,11,1.16,47,1.29,44,0.82,9,1.19
Na2Ag1Sb1F6,-41.34410659,Na,Ag,Sb,F,1,1,3,-1,11,1.16,47,1.29,51,0.9,9,1.19
Na2Ag1Sc1F6,-50.52805721,Na,Ag,Sc,F,1,1,3,-1,11,1.16,47,1.29,21,0.885,9,1.19
Na2Ag1Ta1F6,-50.95201798,Na,Ag,Ta,F,1,1,3,-1,11,1.16,47,1.29,73,0.86,9,1.19
Na2Ag1Ti1F6,-49.59709575,Na,Ag,Ti,F,1,1,3,-1,11,1.16,47,1.29,22,0.81,9,1.19
Na2Ag1Tl1F6,-37.90364947,Na,Ag,Tl,F,1,1,3,-1,11,1.16,47,1.29,81,1.025,9,1.19
Na2Ag1V1F6,-49.13045013,Na,Ag,V,F,1,1,3,-1,11,1.16,47,1.29,23,0.78,9,1.19
Na2Ag1Y1F6,-50.39692785,Na,Ag,Y,F,1,1,3,-1,11,1.16,47,1.29,39,1.04,9,1.19
Na2Au1Al1F6,-45.35178715,Na,Au,Al,F,1,1,3,-1,11,1.16,79,1.51,13,0.675,9,1.19
Na2Au1As1F6,-39.83050328,Na,Au,As,F,1,1,3,-1,11,1.16,79,1.51,33,0.72,9,1.19
Na2Au1Co1F6,-41.93327612,Na,Au,Co,F,1,1,3,-1,11,1.16,79,1.51,27,0.75,9,1.19
Na2Au1Cr1F6,-47.65009528,Na,Au,Cr,F,1,1,3,-1,11,1.16,79,1.51,24,0.94,9,1.19
Na2Au1Ga1F6,-40.94166155,Na,Au,Ga,F,1,1,3,-1,11,1.16,79,1.51,31,0.76,9,1.19
Na2Au1Ir1F6,-41.19832505,Na,Au,Ir,F,1,1,3,-1,11,1.16,79,1.51,77,0.82,9,1.19
Na2Au1Mn1F6,-46.50747241,Na,Au,Mn,F,1,1,3,-1,11,1.16,79,1.51,25,0.785,9,1.19
Na2Au1Mo1F6,-46.55565818,Na,Au,Mo,F,1,1,3,-1,11,1.16,79,1.51,42,0.83,9,1.19
Na2Au1Pd1F6,-38.2080914,Na,Au,Pd,F,1,1,3,-1,11,1.16,79,1.51,46,0.9,9,1.19
Na2Au1Rh1F6,-40.91425621,Na,Au,Rh,F,1,1,3,-1,11,1.16,79,1.51,45,0.805,9,1.19
Na2Au1Ru1F6,-42.45709584,Na,Au,Ru,F,1,1,3,-1,11,1.16,79,1.51,44,0.82,9,1.19
Na2Au1Sb1F6,-39.99347062,Na,Au,Sb,F,1,1,3,-1,11,1.16,79,1.51,51,0.9,9,1.19
Na2Au1Sc1F6,-49.01028232,Na,Au,Sc,F,1,1,3,-1,11,1.16,79,1.51,21,0.885,9,1.19
Na2Au1Ta1F6,-51.59803183,Na,Au,Ta,F,1,1,3,-1,11,1.16,79,1.51,73,0.86,9,1.19
Na2Au1Ti1F6,-48.74132512,Na,Au,Ti,F,1,1,3,-1,11,1.16,79,1.51,22,0.81,9,1.19
Na2Au1V1F6,-47.60783318,Na,Au,V,F,1,1,3,-1,11,1.16,79,1.51,23,0.78,9,1.19
Na2Cu1Al1F6,-48.19012285,Na,Cu,Al,F,1,1,3,-1,11,1.16,29,0.91,13,0.675,9,1.19
Na2Cu1Mo1F6,-49.42576941,Na,Cu,Mo,F,1,1,3,-1,11,1.16,29,0.91,42,0.83,9,1.19
Na2Cu1Pd1F6,-41.67927405,Na,Cu,Pd,F,1,1,3,-1,11,1.16,29,0.91,46,0.9,9,1.19
Na2Hg1Al1F6,-43.33049719,Na,Hg,Al,F,1,1,3,-1,11,1.16,80,1.33,13,0.675,9,1.19
Na2Hg1As1F6,-37.96518629999999,Na,Hg,As,F,1,1,3,-1,11,1.16,80,1.33,33,0.72,9,1.19
Na2Hg1Au1F6,-33.21957322,Na,Hg,Au,F,1,1,3,-1,11,1.16,80,1.33,79,0.99,9,1.19
Na2Hg1Co1F6,-39.99936914,Na,Hg,Co,F,1,1,3,-1,11,1.16,80,1.33,27,0.75,9,1.19
Na2Hg1Cr1F6,-45.66347186,Na,Hg,Cr,F,1,1,3,-1,11,1.16,80,1.33,24,0.94,9,1.19
Na2Hg1Fe1F6,-42.78976306,Na,Hg,Fe,F,1,1,3,-1,11,1.16,80,1.33,26,0.785,9,1.19
Na2Hg1Ga1F6,-39.06617627,Na,Hg,Ga,F,1,1,3,-1,11,1.16,80,1.33,31,0.76,9,1.19
Na2Hg1In1Br6,-24.03945885,Na,Hg,In,Br,1,1,3,-1,11,1.16,80,1.33,49,0.94,35,1.82
Na2Hg1Mn1F6,-44.5749328,Na,Hg,Mn,F,1,1,3,-1,11,1.16,80,1.33,25,0.785,9,1.19
Na2Hg1Mo1F6,-45.55582359,Na,Hg,Mo,F,1,1,3,-1,11,1.16,80,1.33,42,0.83,9,1.19
Na2Hg1Ni1F6,-38.48711287,Na,Hg,Ni,F,1,1,3,-1,11,1.16,80,1.33,28,0.74,9,1.19
Na2Hg1Pd1F6,-36.39192932,Na,Hg,Pd,F,1,1,3,-1,11,1.16,80,1.33,46,0.9,9,1.19
Na2Hg1Rh1F6,-39.00430258,Na,Hg,Rh,F,1,1,3,-1,11,1.16,80,1.33,45,0.805,9,1.19
Na2Hg1Sb1F6,-38.23002656,Na,Hg,Sb,F,1,1,3,-1,11,1.16,80,1.33,51,0.9,9,1.19
Na2Hg1Sc1F6,-46.97422332,Na,Hg,Sc,F,1,1,3,-1,11,1.16,80,1.33,21,0.885,9,1.19
Na2Hg1Ta1F6,-49.54896824,Na,Hg,Ta,F,1,1,3,-1,11,1.16,80,1.33,73,0.86,9,1.19
Na2Hg1Ti1F6,-47.99810647,Na,Hg,Ti,F,1,1,3,-1,11,1.16,80,1.33,22,0.81,9,1.19
Na2Hg1Tl1F6,-35.1848977,Na,Hg,Tl,F,1,1,3,-1,11,1.16,80,1.33,81,1.025,9,1.19
Na2Hg1V1F6,-46.34612381,Na,Hg,V,F,1,1,3,-1,11,1.16,80,1.33,23,0.78,9,1.19
Na2Hg1Y1F6,-46.94426457,Na,Hg,Y,F,1,1,3,-1,11,1.16,80,1.33,39,1.04,9,1.19
Na2K1Al1F6,-48.71036864,Na,K,Al,F,1,1,3,-1,11,1.16,19,1.52,13,0.675,9,1.19
Na2K1As1F6,-42.84074075,Na,K,As,F,1,1,3,-1,11,1.16,19,1.52,33,0.72,9,1.19
Na2K1Co1F6,-44.84682152,Na,K,Co,F,1,1,3,-1,11,1.16,19,1.52,27,0.75,9,1.19
Na2K1Cr1F6,-50.88355748,Na,K,Cr,F,1,1,3,-1,11,1.16,19,1.52,24,0.94,9,1.19
Na2K1Fe1F6,-46.57392563,Na,K,Fe,F,1,1,3,-1,11,1.16,19,1.52,26,0.785,9,1.19
Na2K1Ga1F6,-44.24328193,Na,K,Ga,F,1,1,3,-1,11,1.16,19,1.52,31,0.76,9,1.19
Na2K1Ir1F6,-44.51962835,Na,K,Ir,F,1,1,3,-1,11,1.16,19,1.52,77,0.82,9,1.19
Na2K1Mn1F6,-49.14473321,Na,K,Mn,F,1,1,3,-1,11,1.16,19,1.52,25,0.785,9,1.19
Na2K1Mo1F6,-49.88425935,Na,K,Mo,F,1,1,3,-1,11,1.16,19,1.52,42,0.83,9,1.19
Na2K1Nb1F6,-50.29818741,Na,K,Nb,F,1,1,3,-1,11,1.16,19,1.52,41,0.86,9,1.19
Na2K1Pd1F6,-40.27695893,Na,K,Pd,F,1,1,3,-1,11,1.16,19,1.52,46,0.9,9,1.19
Na2K1Rh1F6,-44.0131145,Na,K,Rh,F,1,1,3,-1,11,1.16,19,1.52,45,0.805,9,1.19
Na2K1Ru1F6,-45.71793333,Na,K,Ru,F,1,1,3,-1,11,1.16,19,1.52,44,0.82,9,1.19
Na2K1Sb1F6,-43.01169592,Na,K,Sb,F,1,1,3,-1,11,1.16,19,1.52,51,0.9,9,1.19
Na2K1Sc1F6,-52.26557048,Na,K,Sc,F,1,1,3,-1,11,1.16,19,1.52,21,0.885,9,1.19
Na2K1Ta1F6,-51.91247301,Na,K,Ta,F,1,1,3,-1,11,1.16,19,1.52,73,0.86,9,1.19
Na2K1Ti1F6,-51.29590833,Na,K,Ti,F,1,1,3,-1,11,1.16,19,1.52,22,0.81,9,1.19
Na2Li1Al1F6,-51.01492952,Na,Li,Al,F,1,1,3,-1,11,1.16,3,0.9,13,0.675,9,1.19
Na2Li1As1F6,-44.95559191,Na,Li,As,F,1,1,3,-1,11,1.16,3,0.9,33,0.72,9,1.19
Na2Li1Au1F6,-38.80104129,Na,Li,Au,F,1,1,3,-1,11,1.16,3,0.9,79,0.99,9,1.19
Na2Li1Bi1F6,-44.89351324,Na,Li,Bi,F,1,1,3,-1,11,1.16,3,0.9,83,1.17,9,1.19
Na2Li1Cr1F6,-53.13287883,Na,Li,Cr,F,1,1,3,-1,11,1.16,3,0.9,24,0.94,9,1.19
Na2Li1Ga1F6,-46.48141102,Na,Li,Ga,F,1,1,3,-1,11,1.16,3,0.9,31,0.76,9,1.19
Na2Li1In1F6,-44.98790162,Na,Li,In,F,1,1,3,-1,11,1.16,3,0.9,49,0.94,9,1.19
Na2Li1Ir1F6,-46.65325669,Na,Li,Ir,F,1,1,3,-1,11,1.16,3,0.9,77,0.82,9,1.19
Na2Li1Mn1F6,-51.44474075,Na,Li,Mn,F,1,1,3,-1,11,1.16,3,0.9,25,0.785,9,1.19
Na2Li1Nb1F6,-52.3802364,Na,Li,Nb,F,1,1,3,-1,11,1.16,3,0.9,41,0.86,9,1.19
Na2Li1Ni1F6,-44.95731478,Na,Li,Ni,F,1,1,3,-1,11,1.16,3,0.9,28,0.74,9,1.19
Na2Li1Pd1F6,-42.46722732,Na,Li,Pd,F,1,1,3,-1,11,1.16,3,0.9,46,0.9,9,1.19
Na2Li1Rh1F6,-46.15855914,Na,Li,Rh,F,1,1,3,-1,11,1.16,3,0.9,45,0.805,9,1.19
Na2Li1Ru1F6,-47.92669464,Na,Li,Ru,F,1,1,3,-1,11,1.16,3,0.9,44,0.82,9,1.19
Na2Li1Sb1F6,-44.95780621,Na,Li,Sb,F,1,1,3,-1,11,1.16,3,0.9,51,0.9,9,1.19
Na2Li1Sc1F6,-54.46159654,Na,Li,Sc,F,1,1,3,-1,11,1.16,3,0.9,21,0.885,9,1.19
Na2Li1Ti1F6,-53.51217222,Na,Li,Ti,F,1,1,3,-1,11,1.16,3,0.9,22,0.81,9,1.19
Na2Li1Tl1F6,-41.51982084,Na,Li,Tl,F,1,1,3,-1,11,1.16,3,0.9,81,1.025,9,1.19
Na2Li1V1F6,-53.15352832,Na,Li,V,F,1,1,3,-1,11,1.16,3,0.9,23,0.78,9,1.19
Na2Li1Y1F6,-54.19114451,Na,Li,Y,F,1,1,3,-1,11,1.16,3,0.9,39,1.04,9,1.19
Na2Na1Al1F6,-49.74429423,Na,Na,Al,F,1,1,3,-1,11,1.16,11,1.16,13,0.675,9,1.19
Na2Na1As1F6,-43.72766701,Na,Na,As,F,1,1,3,-1,11,1.16,11,1.16,33,0.72,9,1.19
Na2Na1Au1Br6,-24.82612976,Na,Na,Au,Br,1,1,3,-1,11,1.16,11,1.16,79,0.99,35,1.82
Na2Na1Au1F6,-37.57290005,Na,Na,Au,F,1,1,3,-1,11,1.16,11,1.16,79,0.99,9,1.19
Na2Na1Bi1F6,-43.75886417,Na,Na,Bi,F,1,1,3,-1,11,1.16,11,1.16,83,1.17,9,1.19
Na2Na1Co1F6,-45.81398147,Na,Na,Co,F,1,1,3,-1,11,1.16,11,1.16,27,0.75,9,1.19
Na2Na1Cr1F6,-51.857735,Na,Na,Cr,F,1,1,3,-1,11,1.16,11,1.16,24,0.94,9,1.19
Na2Na1Ga1F6,-45.22246032,Na,Na,Ga,F,1,1,3,-1,11,1.16,11,1.16,31,0.76,9,1.19
Na2Na1In1Br6,-27.77742971,Na,Na,In,Br,1,1,3,-1,11,1.16,11,1.16,49,0.94,35,1.82
Na2Na1In1F6,-43.77625104,Na,Na,In,F,1,1,3,-1,11,1.16,11,1.16,49,0.94,9,1.19
Na2Na1Ir1F6,-45.41477611,Na,Na,Ir,F,1,1,3,-1,11,1.16,11,1.16,77,0.82,9,1.19
Na2Na1Mo1F6,-50.78938531,Na,Na,Mo,F,1,1,3,-1,11,1.16,11,1.16,42,0.83,9,1.19
Na2Na1Nb1F6,-51.1258658,Na,Na,Nb,F,1,1,3,-1,11,1.16,11,1.16,41,0.86,9,1.19
Na2Na1Ni1F6,-43.646299799999994,Na,Na,Ni,F,1,1,3,-1,11,1.16,11,1.16,28,0.74,9,1.19
Na2Na1Pd1F6,-41.18577357,Na,Na,Pd,F,1,1,3,-1,11,1.16,11,1.16,46,0.9,9,1.19
Na2Na1Rh1F6,-44.91554189,Na,Na,Rh,F,1,1,3,-1,11,1.16,11,1.16,45,0.805,9,1.19
Na2Na1Ru1F6,-46.64887945,Na,Na,Ru,F,1,1,3,-1,11,1.16,11,1.16,44,0.82,9,1.19
Na2Na1Sb1F6,-43.80390919,Na,Na,Sb,F,1,1,3,-1,11,1.16,11,1.16,51,0.9,9,1.19
Na2Na1Sc1F6,-53.20418211,Na,Na,Sc,F,1,1,3,-1,11,1.16,11,1.16,21,0.885,9,1.19
Na2Na1Ta1F6,-52.4563005,Na,Na,Ta,F,1,1,3,-1,11,1.16,11,1.16,73,0.86,9,1.19
Na2Na1Ti1F6,-52.22507418,Na,Na,Ti,F,1,1,3,-1,11,1.16,11,1.16,22,0.81,9,1.19
Na2Na1Tl1Br6,-25.84831937,Na,Na,Tl,Br,1,1,3,-1,11,1.16,11,1.16,81,1.025,35,1.82
Na2Na1Tl1F6,-40.32611905,Na,Na,Tl,F,1,1,3,-1,11,1.16,11,1.16,81,1.025,9,1.19
Na2Na1Tl1I6,-22.008360999999997,Na,Na,Tl,I,1,1,3,-1,11,1.16,11,1.16,81,1.025,53,2.06
Na2Na1V1F6,-51.857139700000005,Na,Na,V,F,1,1,3,-1,11,1.16,11,1.16,23,0.78,9,1.19
Na2Na1Y1Br6,-35.83438775,Na,Na,Y,Br,1,1,3,-1,11,1.16,11,1.16,39,1.04,35,1.82
Na2Na1Y1F6,-53.00949589,Na,Na,Y,F,1,1,3,-1,11,1.16,11,1.16,39,1.04,9,1.19
Na2Na1Y1I6,-31.13929502,Na,Na,Y,I,1,1,3,-1,11,1.16,11,1.16,39,1.04,53,2.06
Na2Rb1Al1F6,-48.0131257,Na,Rb,Al,F,1,1,3,-1,11,1.16,37,1.66,13,0.675,9,1.19
Na2Rb1As1F6,-42.21865595,Na,Rb,As,F,1,1,3,-1,11,1.16,37,1.66,33,0.72,9,1.19
Na2Rb1Co1F6,-44.18579155,Na,Rb,Co,F,1,1,3,-1,11,1.16,37,1.66,27,0.75,9,1.19
Na2Rb1Cr1F6,-50.22164086,Na,Rb,Cr,F,1,1,3,-1,11,1.16,37,1.66,24,0.94,9,1.19
Na2Rb1Fe1F6,-45.90636088,Na,Rb,Fe,F,1,1,3,-1,11,1.16,37,1.66,26,0.785,9,1.19
Na2Rb1Ga1F6,-43.57454031,Na,Rb,Ga,F,1,1,3,-1,11,1.16,37,1.66,31,0.76,9,1.19
Na2Rb1Ni1F6,-42.01865822,Na,Rb,Ni,F,1,1,3,-1,11,1.16,37,1.66,28,0.74,9,1.19
Na2Tl1Al1F6,-47.41092198,Na,Tl,Al,F,1,1,3,-1,11,1.16,81,1.64,13,0.675,9,1.19
Na2Tl1As1F6,-41.74220198,Na,Tl,As,F,1,1,3,-1,11,1.16,81,1.64,33,0.72,9,1.19
Na2Tl1Co1F6,-43.81060243,Na,Tl,Co,F,1,1,3,-1,11,1.16,81,1.64,27,0.75,9,1.19
Na2Tl1Cr1F6,-49.70568773,Na,Tl,Cr,F,1,1,3,-1,11,1.16,81,1.64,24,0.94,9,1.19
Na2Tl1Ga1F6,-43.02590625,Na,Tl,Ga,F,1,1,3,-1,11,1.16,81,1.64,31,0.76,9,1.19
Na2Tl1Mn1F6,-48.19118226,Na,Tl,Mn,F,1,1,3,-1,11,1.16,81,1.64,25,0.785,9,1.19
Na2Tl1Ni1F6,-42.10375955,Na,Tl,Ni,F,1,1,3,-1,11,1.16,81,1.64,28,0.74,9,1.19
Na2Tl1V1F6,-49.68602963,Na,Tl,V,F,1,1,3,-1,11,1.16,81,1.64,23,0.78,9,1.19
Rb2Ag1Al1F6,-47.77868606,Rb,Ag,Al,F,1,1,3,-1,37,1.66,47,1.29,13,0.675,9,1.19
Rb2Ag1As1F6,-42.47503776,Rb,Ag,As,F,1,1,3,-1,37,1.66,47,1.29,33,0.72,9,1.19
Rb2Ag1Au1Br6,-26.43824218,Rb,Ag,Au,Br,1,1,3,-1,37,1.66,47,1.29,79,0.99,35,1.82
Rb2Ag1Au1Cl6,-29.22170437,Rb,Ag,Au,Cl,1,1,3,-1,37,1.66,47,1.29,79,0.99,17,1.67
Rb2Ag1Au1F6,-37.06039566,Rb,Ag,Au,F,1,1,3,-1,37,1.66,47,1.29,79,0.99,9,1.19
Rb2Ag1Bi1Br6,-29.43857734,Rb,Ag,Bi,Br,1,1,3,-1,37,1.66,47,1.29,83,1.17,35,1.82
Rb2Ag1Bi1Cl6,-32.74820012,Rb,Ag,Bi,Cl,1,1,3,-1,37,1.66,47,1.29,83,1.17,17,1.67
Rb2Ag1Bi1F6,-42.82430827,Rb,Ag,Bi,F,1,1,3,-1,37,1.66,47,1.29,83,1.17,9,1.19
Rb2Ag1Bi1I6,-25.96167,Rb,Ag,Bi,I,1,1,3,-1,37,1.66,47,1.29,83,1.17,53,2.06
Rb2Ag1Ce1Br6,-35.68429466,Rb,Ag,Ce,Br,1,1,3,-1,37,1.66,47,1.29,58,1.15,35,1.82
Rb2Ag1Ce1Cl6,-39.46744052,Rb,Ag,Ce,Cl,1,1,3,-1,37,1.66,47,1.29,58,1.15,17,1.67
Rb2Ag1Ce1F6,-50.54074102,Rb,Ag,Ce,F,1,1,3,-1,37,1.66,47,1.29,58,1.15,9,1.19
Rb2Ag1Ce1I6,-31.55079382,Rb,Ag,Ce,I,1,1,3,-1,37,1.66,47,1.29,58,1.15,53,2.06
Rb2Ag1Co1F6,-44.09961681,Rb,Ag,Co,F,1,1,3,-1,37,1.66,47,1.29,27,0.75,9,1.19
Rb2Ag1Cr1F6,-50.20881532,Rb,Ag,Cr,F,1,1,3,-1,37,1.66,47,1.29,24,0.94,9,1.19
Rb2Ag1Ga1F6,-43.51164913,Rb,Ag,Ga,F,1,1,3,-1,37,1.66,47,1.29,31,0.76,9,1.19
Rb2Ag1In1Br6,-28.54598255,Rb,Ag,In,Br,1,1,3,-1,37,1.66,47,1.29,49,0.94,35,1.82
Rb2Ag1In1Cl6,-32.0732826,Rb,Ag,In,Cl,1,1,3,-1,37,1.66,47,1.29,49,0.94,17,1.67
Rb2Ag1In1F6,-42.48699277,Rb,Ag,In,F,1,1,3,-1,37,1.66,47,1.29,49,0.94,9,1.19
Rb2Ag1Ir1F6,-43.95384359,Rb,Ag,Ir,F,1,1,3,-1,37,1.66,47,1.29,77,0.82,9,1.19
Rb2Ag1Mn1F6,-48.80799531,Rb,Ag,Mn,F,1,1,3,-1,37,1.66,47,1.29,25,0.785,9,1.19
Rb2Ag1Mo1Br6,-35.25464908,Rb,Ag,Mo,Br,1,1,3,-1,37,1.66,47,1.29,42,0.83,35,1.82
Rb2Ag1Mo1Cl6,-39.01638074,Rb,Ag,Mo,Cl,1,1,3,-1,37,1.66,47,1.29,42,0.83,17,1.67
Rb2Ag1Mo1F6,-49.4209681,Rb,Ag,Mo,F,1,1,3,-1,37,1.66,47,1.29,42,0.83,9,1.19
Rb2Ag1Mo1I6,-31.43933003,Rb,Ag,Mo,I,1,1,3,-1,37,1.66,47,1.29,42,0.83,53,2.06
Rb2Ag1Nb1F6,-49.81461918,Rb,Ag,Nb,F,1,1,3,-1,37,1.66,47,1.29,41,0.86,9,1.19
Rb2Ag1Nd1Br6,-34.71228601,Rb,Ag,Nd,Br,1,1,3,-1,37,1.66,47,1.29,60,1.123,35,1.82
Rb2Ag1Nd1Cl6,-38.51576728,Rb,Ag,Nd,Cl,1,1,3,-1,37,1.66,47,1.29,60,1.123,17,1.67
Rb2Ag1Nd1F6,-49.59087847,Rb,Ag,Nd,F,1,1,3,-1,37,1.66,47,1.29,60,1.123,9,1.19
Rb2Ag1Nd1I6,-30.577623100000004,Rb,Ag,Nd,I,1,1,3,-1,37,1.66,47,1.29,60,1.123,53,2.06
Rb2Ag1Ni1F6,-42.41252057,Rb,Ag,Ni,F,1,1,3,-1,37,1.66,47,1.29,28,0.74,9,1.19
Rb2Ag1Pd1F6,-40.36170875,Rb,Ag,Pd,F,1,1,3,-1,37,1.66,47,1.29,46,0.9,9,1.19
Rb2Ag1Pr1Br6,-34.69686873,Rb,Ag,Pr,Br,1,1,3,-1,37,1.66,47,1.29,59,1.13,35,1.82
Rb2Ag1Pr1Cl6,-38.47053941,Rb,Ag,Pr,Cl,1,1,3,-1,37,1.66,47,1.29,59,1.13,17,1.67
Rb2Ag1Pr1F6,-49.44772334,Rb,Ag,Pr,F,1,1,3,-1,37,1.66,47,1.29,59,1.13,9,1.19
Rb2Ag1Pr1I6,-30.58845455,Rb,Ag,Pr,I,1,1,3,-1,37,1.66,47,1.29,59,1.13,53,2.06
Rb2Ag1Rh1F6,-43.49735385,Rb,Ag,Rh,F,1,1,3,-1,37,1.66,47,1.29,45,0.805,9,1.19
Rb2Ag1Ru1F6,-45.17426504,Rb,Ag,Ru,F,1,1,3,-1,37,1.66,47,1.29,44,0.82,9,1.19
Rb2Ag1Sb1Br6,-29.20876997,Rb,Ag,Sb,Br,1,1,3,-1,37,1.66,47,1.29,51,0.9,35,1.82
Rb2Ag1Sb1Cl6,-32.49453061,Rb,Ag,Sb,Cl,1,1,3,-1,37,1.66,47,1.29,51,0.9,17,1.67
Rb2Ag1Sb1F6,-42.77369801,Rb,Ag,Sb,F,1,1,3,-1,37,1.66,47,1.29,51,0.9,9,1.19
Rb2Ag1Sb1I6,-25.79266569,Rb,Ag,Sb,I,1,1,3,-1,37,1.66,47,1.29,51,0.9,53,2.06
Rb2Ag1Sc1Cl6,-39.74837819,Rb,Ag,Sc,Cl,1,1,3,-1,37,1.66,47,1.29,21,0.885,17,1.67
Rb2Ag1Sc1F6,-51.79406077,Rb,Ag,Sc,F,1,1,3,-1,37,1.66,47,1.29,21,0.885,9,1.19
Rb2Ag1Ta1Br6,-36.52531782,Rb,Ag,Ta,Br,1,1,3,-1,37,1.66,47,1.29,73,0.86,35,1.82
Rb2Ag1Ta1Cl6,-40.40578202,Rb,Ag,Ta,Cl,1,1,3,-1,37,1.66,47,1.29,73,0.86,17,1.67
Rb2Ag1Ta1F6,-52.37042995,Rb,Ag,Ta,F,1,1,3,-1,37,1.66,47,1.29,73,0.86,9,1.19
Rb2Ag1Ta1I6,-32.56286616,Rb,Ag,Ta,I,1,1,3,-1,37,1.66,47,1.29,73,0.86,53,2.06
Rb2Ag1Ti1F6,-50.6958392,Rb,Ag,Ti,F,1,1,3,-1,37,1.66,47,1.29,22,0.81,9,1.19
Rb2Ag1Tl1Br6,-26.919750899999997,Rb,Ag,Tl,Br,1,1,3,-1,37,1.66,47,1.29,81,1.025,35,1.82
Rb2Ag1Tl1F6,-39.33712957,Rb,Ag,Tl,F,1,1,3,-1,37,1.66,47,1.29,81,1.025,9,1.19
Rb2Ag1Tl1I6,-23.67382966,Rb,Ag,Tl,I,1,1,3,-1,37,1.66,47,1.29,81,1.025,53,2.06
Rb2Ag1V1F6,-50.24505246,Rb,Ag,V,F,1,1,3,-1,37,1.66,47,1.29,23,0.78,9,1.19
Rb2Ag1Y1Br6,-36.52192495,Rb,Ag,Y,Br,1,1,3,-1,37,1.66,47,1.29,39,1.04,35,1.82
Rb2Ag1Y1Cl6,-40.44221878,Rb,Ag,Y,Cl,1,1,3,-1,37,1.66,47,1.29,39,1.04,17,1.67
Rb2Ag1Y1F6,-51.89257514,Rb,Ag,Y,F,1,1,3,-1,37,1.66,47,1.29,39,1.04,9,1.19
Rb2Ag1Y1I6,-32.27312775,Rb,Ag,Y,I,1,1,3,-1,37,1.66,47,1.29,39,1.04,53,2.06
Rb2Au1Al1F6,-46.33167824,Rb,Au,Al,F,1,1,3,-1,37,1.66,79,1.51,13,0.675,9,1.19
Rb2Au1As1F6,-41.17627769,Rb,Au,As,F,1,1,3,-1,37,1.66,79,1.51,33,0.72,9,1.19
Rb2Au1Au1Br6,-26.47445046,Rb,Au,Au,Br,1,1,3,-1,37,1.66,79,1.51,79,0.99,35,1.82
Rb2Au1Au1F6,-36.31163677,Rb,Au,Au,F,1,1,3,-1,37,1.66,79,1.51,79,0.99,9,1.19
Rb2Au1Bi1Br6,-28.895912199999998,Rb,Au,Bi,Br,1,1,3,-1,37,1.66,79,1.51,83,1.17,35,1.82
Rb2Au1Bi1Cl6,-31.97442376,Rb,Au,Bi,Cl,1,1,3,-1,37,1.66,79,1.51,83,1.17,17,1.67
Rb2Au1Bi1F6,-41.4644775,Rb,Au,Bi,F,1,1,3,-1,37,1.66,79,1.51,83,1.17,9,1.19
Rb2Au1Bi1I6,-25.72473469,Rb,Au,Bi,I,1,1,3,-1,37,1.66,79,1.51,83,1.17,53,2.06
Rb2Au1Co1F6,-42.65434025,Rb,Au,Co,F,1,1,3,-1,37,1.66,79,1.51,27,0.75,9,1.19
Rb2Au1Cr1F6,-48.790219,Rb,Au,Cr,F,1,1,3,-1,37,1.66,79,1.51,24,0.94,9,1.19
Rb2Au1Fe1F6,-45.79622979999999,Rb,Au,Fe,F,1,1,3,-1,37,1.66,79,1.51,26,0.785,9,1.19
Rb2Au1Ga1F6,-42.0821749,Rb,Au,Ga,F,1,1,3,-1,37,1.66,79,1.51,31,0.76,9,1.19
Rb2Au1In1Br6,-28.00012553,Rb,Au,In,Br,1,1,3,-1,37,1.66,79,1.51,49,0.94,35,1.82
Rb2Au1In1Cl6,-31.24047547,Rb,Au,In,Cl,1,1,3,-1,37,1.66,79,1.51,49,0.94,17,1.67
Rb2Au1In1F6,-41.06465354,Rb,Au,In,F,1,1,3,-1,37,1.66,79,1.51,49,0.94,9,1.19
Rb2Au1Ir1F6,-42.50971649,Rb,Au,Ir,F,1,1,3,-1,37,1.66,79,1.51,77,0.82,9,1.19
Rb2Au1Mn1F6,-47.61916675,Rb,Au,Mn,F,1,1,3,-1,37,1.66,79,1.51,25,0.785,9,1.19
Rb2Au1Mo1F6,-47.96479542,Rb,Au,Mo,F,1,1,3,-1,37,1.66,79,1.51,42,0.83,9,1.19
Rb2Au1Nb1F6,-50.16794567,Rb,Au,Nb,F,1,1,3,-1,37,1.66,79,1.51,41,0.86,9,1.19
Rb2Au1Ni1F6,-41.37416817,Rb,Au,Ni,F,1,1,3,-1,37,1.66,79,1.51,28,0.74,9,1.19
Rb2Au1Pd1F6,-39.37980939,Rb,Au,Pd,F,1,1,3,-1,37,1.66,79,1.51,46,0.9,9,1.19
Rb2Au1Rh1F6,-42.13153802,Rb,Au,Rh,F,1,1,3,-1,37,1.66,79,1.51,45,0.805,9,1.19
Rb2Au1Ru1F6,-43.74956386,Rb,Au,Ru,F,1,1,3,-1,37,1.66,79,1.51,44,0.82,9,1.19
Rb2Au1Sb1F6,-41.48077703,Rb,Au,Sb,F,1,1,3,-1,37,1.66,79,1.51,51,0.9,9,1.19
Rb2Au1Sc1F6,-50.36784265,Rb,Au,Sc,F,1,1,3,-1,37,1.66,79,1.51,21,0.885,9,1.19
Rb2Au1Ta1F6,-53.32625802,Rb,Au,Ta,F,1,1,3,-1,37,1.66,79,1.51,73,0.86,9,1.19
Rb2Au1Ti1F6,-50.30831035,Rb,Au,Ti,F,1,1,3,-1,37,1.66,79,1.51,22,0.81,9,1.19
Rb2Au1Tl1Br6,-26.75724173,Rb,Au,Tl,Br,1,1,3,-1,37,1.66,79,1.51,81,1.025,35,1.82
Rb2Au1Tl1F6,-38.06971391,Rb,Au,Tl,F,1,1,3,-1,37,1.66,79,1.51,81,1.025,9,1.19
Rb2Au1Tl1I6,-23.82676649,Rb,Au,Tl,I,1,1,3,-1,37,1.66,79,1.51,81,1.025,53,2.06
Rb2Au1V1F6,-48.81261746,Rb,Au,V,F,1,1,3,-1,37,1.66,79,1.51,23,0.78,9,1.19
Rb2Au1Y1Br6,-35.75001351,Rb,Au,Y,Br,1,1,3,-1,37,1.66,79,1.51,39,1.04,35,1.82
Rb2Au1Y1F6,-50.46538189,Rb,Au,Y,F,1,1,3,-1,37,1.66,79,1.51,39,1.04,9,1.19
Rb2Au1Y1I6,-31.76842241,Rb,Au,Y,I,1,1,3,-1,37,1.66,79,1.51,39,1.04,53,2.06
Rb2Cs1As1F6,-43.36868631,Rb,Cs,As,F,1,1,3,-1,37,1.66,55,1.81,33,0.72,9,1.19
Rb2Cs1Bi1F6,-43.79608048,Rb,Cs,Bi,F,1,1,3,-1,37,1.66,55,1.81,83,1.17,9,1.19
Rb2Cs1Co1F6,-45.08716513,Rb,Cs,Co,F,1,1,3,-1,37,1.66,55,1.81,27,0.75,9,1.19
Rb2Cs1Fe1F6,-46.82588151,Rb,Cs,Fe,F,1,1,3,-1,37,1.66,55,1.81,26,0.785,9,1.19
Rb2Cs1Ga1F6,-44.55972804,Rb,Cs,Ga,F,1,1,3,-1,37,1.66,55,1.81,31,0.76,9,1.19
Rb2Cs1In1Br6,-28.941146999999997,Rb,Cs,In,Br,1,1,3,-1,37,1.66,55,1.81,49,0.94,35,1.82
Rb2Cs1In1F6,-43.4993499,Rb,Cs,In,F,1,1,3,-1,37,1.66,55,1.81,49,0.94,9,1.19
Rb2Cs1Mo1F6,-50.44532574,Rb,Cs,Mo,F,1,1,3,-1,37,1.66,55,1.81,42,0.83,9,1.19
Rb2Cs1Pd1F6,-40.85452188,Rb,Cs,Pd,F,1,1,3,-1,37,1.66,55,1.81,46,0.9,9,1.19
Rb2Cs1Rh1F6,-44.49091569,Rb,Cs,Rh,F,1,1,3,-1,37,1.66,55,1.81,45,0.805,9,1.19
Rb2Cs1Sb1F6,-43.69430197,Rb,Cs,Sb,F,1,1,3,-1,37,1.66,55,1.81,51,0.9,9,1.19
Rb2Cs1Sc1F6,-52.76045457,Rb,Cs,Sc,F,1,1,3,-1,37,1.66,55,1.81,21,0.885,9,1.19
Rb2Cs1Ti1F6,-51.69330578,Rb,Cs,Ti,F,1,1,3,-1,37,1.66,55,1.81,22,0.81,9,1.19
Rb2Cs1Tl1Br6,-27.06472037,Rb,Cs,Tl,Br,1,1,3,-1,37,1.66,55,1.81,81,1.025,35,1.82
Rb2Cs1Tl1F6,-40.23186566,Rb,Cs,Tl,F,1,1,3,-1,37,1.66,55,1.81,81,1.025,9,1.19
Rb2Cs1Y1Br6,-36.95831598,Rb,Cs,Y,Br,1,1,3,-1,37,1.66,55,1.81,39,1.04,35,1.82
Rb2Cs1Y1F6,-52.89193996,Rb,Cs,Y,F,1,1,3,-1,37,1.66,55,1.81,39,1.04,9,1.19
Rb2Cu1Al1F6,-48.44561289999999,Rb,Cu,Al,F,1,1,3,-1,37,1.66,29,0.91,13,0.675,9,1.19
Rb2Cu1As1F6,-43.38434158,Rb,Cu,As,F,1,1,3,-1,37,1.66,29,0.91,33,0.72,9,1.19
Rb2Cu1Au1F6,-39.27992474,Rb,Cu,Au,F,1,1,3,-1,37,1.66,29,0.91,79,0.99,9,1.19
Rb2Cu1Bi1Br6,-30.32066296,Rb,Cu,Bi,Br,1,1,3,-1,37,1.66,29,0.91,83,1.17,35,1.82
Rb2Cu1Bi1Cl6,-33.72367987,Rb,Cu,Bi,Cl,1,1,3,-1,37,1.66,29,0.91,83,1.17,17,1.67
Rb2Cu1Bi1F6,-43.78858755,Rb,Cu,Bi,F,1,1,3,-1,37,1.66,29,0.91,83,1.17,9,1.19
Rb2Cu1Bi1I6,-26.72941242,Rb,Cu,Bi,I,1,1,3,-1,37,1.66,29,0.91,83,1.17,53,2.06
Rb2Cu1Ce1Cl6,-40.36058643,Rb,Cu,Ce,Cl,1,1,3,-1,37,1.66,29,0.91,58,1.15,17,1.67
Rb2Cu1Ce1F6,-51.41450553,Rb,Cu,Ce,F,1,1,3,-1,37,1.66,29,0.91,58,1.15,9,1.19
Rb2Cu1Ce1I6,-30.52685496,Rb,Cu,Ce,I,1,1,3,-1,37,1.66,29,0.91,58,1.15,53,2.06
Rb2Cu1Fe1F6,-47.50342113,Rb,Cu,Fe,F,1,1,3,-1,37,1.66,29,0.91,26,0.785,9,1.19
Rb2Cu1In1Cl6,-32.99466476,Rb,Cu,In,Cl,1,1,3,-1,37,1.66,29,0.91,49,0.94,17,1.67
Rb2Cu1Mn1F6,-50.20598407,Rb,Cu,Mn,F,1,1,3,-1,37,1.66,29,0.91,25,0.785,9,1.19
Rb2Cu1Mo1Br6,-36.01068472,Rb,Cu,Mo,Br,1,1,3,-1,37,1.66,29,0.91,42,0.83,35,1.82
Rb2Cu1Mo1Cl6,-39.86356385,Rb,Cu,Mo,Cl,1,1,3,-1,37,1.66,29,0.91,42,0.83,17,1.67
Rb2Cu1Mo1F6,-50.31876225,Rb,Cu,Mo,F,1,1,3,-1,37,1.66,29,0.91,42,0.83,9,1.19
Rb2Cu1Mo1I6,-32.08502027,Rb,Cu,Mo,I,1,1,3,-1,37,1.66,29,0.91,42,0.83,53,2.06
Rb2Cu1Nb1F6,-50.7009465,Rb,Cu,Nb,F,1,1,3,-1,37,1.66,29,0.91,41,0.86,9,1.19
Rb2Cu1Nd1Br6,-35.49032349,Rb,Cu,Nd,Br,1,1,3,-1,37,1.66,29,0.91,60,1.123,35,1.82
Rb2Cu1Nd1Cl6,-39.37745127,Rb,Cu,Nd,Cl,1,1,3,-1,37,1.66,29,0.91,60,1.123,17,1.67
Rb2Cu1Nd1F6,-50.43624795,Rb,Cu,Nd,F,1,1,3,-1,37,1.66,29,0.91,60,1.123,9,1.19
Rb2Cu1Nd1I6,-31.25787475,Rb,Cu,Nd,I,1,1,3,-1,37,1.66,29,0.91,60,1.123,53,2.06
Rb2Cu1Ni1F6,-44.19515863,Rb,Cu,Ni,F,1,1,3,-1,37,1.66,29,0.91,28,0.74,9,1.19
Rb2Cu1Pd1F6,-42.19474345,Rb,Cu,Pd,F,1,1,3,-1,37,1.66,29,0.91,46,0.9,9,1.19
Rb2Cu1Pr1Br6,-35.47560377,Rb,Cu,Pr,Br,1,1,3,-1,37,1.66,29,0.91,59,1.13,35,1.82
Rb2Cu1Pr1Cl6,-39.33484744,Rb,Cu,Pr,Cl,1,1,3,-1,37,1.66,29,0.91,59,1.13,17,1.67
Rb2Cu1Pr1F6,-50.2956007,Rb,Cu,Pr,F,1,1,3,-1,37,1.66,29,0.91,59,1.13,9,1.19
Rb2Cu1Pr1I6,-31.27228335,Rb,Cu,Pr,I,1,1,3,-1,37,1.66,29,0.91,59,1.13,53,2.06
Rb2Cu1Ru1F6,-46.28067935,Rb,Cu,Ru,F,1,1,3,-1,37,1.66,29,0.91,44,0.82,9,1.19
Rb2Cu1Sb1Br6,-30.09891985,Rb,Cu,Sb,Br,1,1,3,-1,37,1.66,29,0.91,51,0.9,35,1.82
Rb2Cu1Sb1Cl6,-33.47516799,Rb,Cu,Sb,Cl,1,1,3,-1,37,1.66,29,0.91,51,0.9,17,1.67
Rb2Cu1Sb1F6,-43.68886218,Rb,Cu,Sb,F,1,1,3,-1,37,1.66,29,0.91,51,0.9,9,1.19
Rb2Cu1Sb1I6,-26.57301439,Rb,Cu,Sb,I,1,1,3,-1,37,1.66,29,0.91,51,0.9,53,2.06
Rb2Cu1Sc1Cl6,-40.59207582,Rb,Cu,Sc,Cl,1,1,3,-1,37,1.66,29,0.91,21,0.885,17,1.67
Rb2Cu1Ta1Br6,-37.26374099,Rb,Cu,Ta,Br,1,1,3,-1,37,1.66,29,0.91,73,0.86,35,1.82
Rb2Cu1Ta1Cl6,-41.22746186,Rb,Cu,Ta,Cl,1,1,3,-1,37,1.66,29,0.91,73,0.86,17,1.67
Rb2Cu1Ta1F6,-51.80197237,Rb,Cu,Ta,F,1,1,3,-1,37,1.66,29,0.91,73,0.86,9,1.19
Rb2Cu1Ta1I6,-33.20837908,Rb,Cu,Ta,I,1,1,3,-1,37,1.66,29,0.91,73,0.86,53,2.06
Rb2Cu1Tl1F6,-41.02172659,Rb,Cu,Tl,F,1,1,3,-1,37,1.66,29,0.91,81,1.025,9,1.19
Rb2Cu1V1F6,-51.12778128,Rb,Cu,V,F,1,1,3,-1,37,1.66,29,0.91,23,0.78,9,1.19
Rb2Cu1Y1Br6,-37.27826714,Rb,Cu,Y,Br,1,1,3,-1,37,1.66,29,0.91,39,1.04,35,1.82
Rb2Cu1Y1Cl6,-41.28245246,Rb,Cu,Y,Cl,1,1,3,-1,37,1.66,29,0.91,39,1.04,17,1.67
Rb2Cu1Y1F6,-52.72592675,Rb,Cu,Y,F,1,1,3,-1,37,1.66,29,0.91,39,1.04,9,1.19
Rb2Cu1Y1I6,-32.93252607,Rb,Cu,Y,I,1,1,3,-1,37,1.66,29,0.91,39,1.04,53,2.06
Rb2Hg1Al1F6,-44.39629381,Rb,Hg,Al,F,1,1,3,-1,37,1.66,80,1.33,13,0.675,9,1.19
Rb2Hg1As1F6,-39.45211348,Rb,Hg,As,F,1,1,3,-1,37,1.66,80,1.33,33,0.72,9,1.19
Rb2Hg1Au1Br6,-24.00488605,Rb,Hg,Au,Br,1,1,3,-1,37,1.66,80,1.33,79,0.99,35,1.82
Rb2Hg1Au1F6,-34.62059943,Rb,Hg,Au,F,1,1,3,-1,37,1.66,80,1.33,79,0.99,9,1.19
Rb2Hg1Bi1Br6,-26.45860774,Rb,Hg,Bi,Br,1,1,3,-1,37,1.66,80,1.33,83,1.17,35,1.82
Rb2Hg1Bi1F6,-39.58172796,Rb,Hg,Bi,F,1,1,3,-1,37,1.66,80,1.33,83,1.17,9,1.19
Rb2Hg1Bi1I6,-23.18149266,Rb,Hg,Bi,I,1,1,3,-1,37,1.66,80,1.33,83,1.17,53,2.06
Rb2Hg1Co1F6,-40.60377458,Rb,Hg,Co,F,1,1,3,-1,37,1.66,80,1.33,27,0.75,9,1.19
Rb2Hg1Cr1F6,-46.90900549,Rb,Hg,Cr,F,1,1,3,-1,37,1.66,80,1.33,24,0.94,9,1.19
Rb2Hg1Fe1F6,-44.0417018,Rb,Hg,Fe,F,1,1,3,-1,37,1.66,80,1.33,26,0.785,9,1.19
Rb2Hg1Ga1F6,-40.23572151,Rb,Hg,Ga,F,1,1,3,-1,37,1.66,80,1.33,31,0.76,9,1.19
Rb2Hg1In1Br6,-25.77506217,Rb,Hg,In,Br,1,1,3,-1,37,1.66,80,1.33,49,0.94,35,1.82
Rb2Hg1In1F6,-39.26130699,Rb,Hg,In,F,1,1,3,-1,37,1.66,80,1.33,49,0.94,9,1.19
Rb2Hg1Ir1F6,-41.12767927,Rb,Hg,Ir,F,1,1,3,-1,37,1.66,80,1.33,77,0.82,9,1.19
Rb2Hg1Mn1F6,-45.69021647,Rb,Hg,Mn,F,1,1,3,-1,37,1.66,80,1.33,25,0.785,9,1.19
Rb2Hg1Mo1F6,-47.33553091,Rb,Hg,Mo,F,1,1,3,-1,37,1.66,80,1.33,42,0.83,9,1.19
Rb2Hg1Nb1F6,-48.90111795,Rb,Hg,Nb,F,1,1,3,-1,37,1.66,80,1.33,41,0.86,9,1.19
Rb2Hg1Pd1F6,-37.65830644,Rb,Hg,Pd,F,1,1,3,-1,37,1.66,80,1.33,46,0.9,9,1.19
Rb2Hg1Rh1F6,-40.26208043,Rb,Hg,Rh,F,1,1,3,-1,37,1.66,80,1.33,45,0.805,9,1.19
Rb2Hg1Ru1F6,-42.71316647,Rb,Hg,Ru,F,1,1,3,-1,37,1.66,80,1.33,44,0.82,9,1.19
Rb2Hg1Sb1F6,-39.86251572,Rb,Hg,Sb,F,1,1,3,-1,37,1.66,80,1.33,51,0.9,9,1.19
Rb2Hg1Sc1F6,-48.37901774,Rb,Hg,Sc,F,1,1,3,-1,37,1.66,80,1.33,21,0.885,9,1.19
Rb2Hg1Ta1F6,-51.02820079,Rb,Hg,Ta,F,1,1,3,-1,37,1.66,80,1.33,73,0.86,9,1.19
Rb2Hg1Ti1F6,-49.73502427,Rb,Hg,Ti,F,1,1,3,-1,37,1.66,80,1.33,22,0.81,9,1.19
Rb2Hg1Tl1Br6,-24.614661899999998,Rb,Hg,Tl,Br,1,1,3,-1,37,1.66,80,1.33,81,1.025,35,1.82
Rb2Hg1Tl1F6,-36.61933495,Rb,Hg,Tl,F,1,1,3,-1,37,1.66,80,1.33,81,1.025,9,1.19
Rb2Hg1Tl1I6,-21.39326673,Rb,Hg,Tl,I,1,1,3,-1,37,1.66,80,1.33,81,1.025,53,2.06
Rb2Hg1V1F6,-48.03784163,Rb,Hg,V,F,1,1,3,-1,37,1.66,80,1.33,23,0.78,9,1.19
Rb2Hg1Y1Br6,-33.19025886,Rb,Hg,Y,Br,1,1,3,-1,37,1.66,80,1.33,39,1.04,35,1.82
Rb2Hg1Y1F6,-48.50544536,Rb,Hg,Y,F,1,1,3,-1,37,1.66,80,1.33,39,1.04,9,1.19
Rb2Hg1Y1I6,-29.12928365,Rb,Hg,Y,I,1,1,3,-1,37,1.66,80,1.33,39,1.04,53,2.06
Rb2K1Al1F6,-49.8066245,Rb,K,Al,F,1,1,3,-1,37,1.66,19,1.52,13,0.675,9,1.19
Rb2K1As1F6,-44.29091853,Rb,K,As,F,1,1,3,-1,37,1.66,19,1.52,33,0.72,9,1.19
Rb2K1Au1Br6,-26.32120072,Rb,K,Au,Br,1,1,3,-1,37,1.66,19,1.52,79,0.99,35,1.82
Rb2K1Au1F6,-38.30199721,Rb,K,Au,F,1,1,3,-1,37,1.66,19,1.52,79,0.99,9,1.19
Rb2K1Bi1Br6,-29.72137401,Rb,K,Bi,Br,1,1,3,-1,37,1.66,19,1.52,83,1.17,35,1.82
Rb2K1Bi1Cl6,-33.22791776,Rb,K,Bi,Cl,1,1,3,-1,37,1.66,19,1.52,83,1.17,17,1.67
Rb2K1Bi1F6,-44.08033017,Rb,K,Bi,F,1,1,3,-1,37,1.66,19,1.52,83,1.17,9,1.19
Rb2K1Bi1I6,-25.96568606,Rb,K,Bi,I,1,1,3,-1,37,1.66,19,1.52,83,1.17,53,2.06
Rb2K1Ce1Br6,-36.08180199,Rb,K,Ce,Br,1,1,3,-1,37,1.66,19,1.52,58,1.15,35,1.82
Rb2K1Ce1Cl6,-40.03353033,Rb,K,Ce,Cl,1,1,3,-1,37,1.66,19,1.52,58,1.15,17,1.67
Rb2K1Ce1F6,-51.81920596,Rb,K,Ce,F,1,1,3,-1,37,1.66,19,1.52,58,1.15,9,1.19
Rb2K1Ce1I6,-31.70371591,Rb,K,Ce,I,1,1,3,-1,37,1.66,19,1.52,58,1.15,53,2.06
Rb2K1Co1F6,-45.96910264,Rb,K,Co,F,1,1,3,-1,37,1.66,19,1.52,27,0.75,9,1.19
Rb2K1Fe1F6,-47.73488564,Rb,K,Fe,F,1,1,3,-1,37,1.66,19,1.52,26,0.785,9,1.19
Rb2K1Ga1F6,-45.49323297,Rb,K,Ga,F,1,1,3,-1,37,1.66,19,1.52,31,0.76,9,1.19
Rb2K1In1Br6,-29.43649515,Rb,K,In,Br,1,1,3,-1,37,1.66,19,1.52,49,0.94,35,1.82
Rb2K1In1Cl6,-33.20360412,Rb,K,In,Cl,1,1,3,-1,37,1.66,19,1.52,49,0.94,17,1.67
Rb2K1In1F6,-44.4185095,Rb,K,In,F,1,1,3,-1,37,1.66,19,1.52,49,0.94,9,1.19
Rb2K1Ir1F6,-45.94830533,Rb,K,Ir,F,1,1,3,-1,37,1.66,19,1.52,77,0.82,9,1.19
Rb2K1Mn1F6,-50.45405526,Rb,K,Mn,F,1,1,3,-1,37,1.66,19,1.52,25,0.785,9,1.19
Rb2K1Mo1Br6,-35.84480396,Rb,K,Mo,Br,1,1,3,-1,37,1.66,19,1.52,42,0.83,35,1.82
Rb2K1Mo1Cl6,-39.76546769,Rb,K,Mo,Cl,1,1,3,-1,37,1.66,19,1.52,42,0.83,17,1.67
Rb2K1Mo1F6,-50.82240044,Rb,K,Mo,F,1,1,3,-1,37,1.66,19,1.52,42,0.83,9,1.19
Rb2K1Mo1I6,-31.79468234,Rb,K,Mo,I,1,1,3,-1,37,1.66,19,1.52,42,0.83,53,2.06
Rb2K1Nb1F6,-51.77289317,Rb,K,Nb,F,1,1,3,-1,37,1.66,19,1.52,41,0.86,9,1.19
Rb2K1Nd1Br6,-35.14504961,Rb,K,Nd,Br,1,1,3,-1,37,1.66,19,1.52,60,1.123,35,1.82
Rb2K1Nd1Cl6,-39.11410971,Rb,K,Nd,Cl,1,1,3,-1,37,1.66,19,1.52,60,1.123,17,1.67
Rb2K1Nd1F6,-50.87712596,Rb,K,Nd,F,1,1,3,-1,37,1.66,19,1.52,60,1.123,9,1.19
Rb2K1Nd1I6,-30.76500368,Rb,K,Nd,I,1,1,3,-1,37,1.66,19,1.52,60,1.123,53,2.06
Rb2K1Ni1F6,-43.83199809,Rb,K,Ni,F,1,1,3,-1,37,1.66,19,1.52,28,0.74,9,1.19
Rb2K1Pd1F6,-41.71689271,Rb,K,Pd,F,1,1,3,-1,37,1.66,19,1.52,46,0.9,9,1.19
Rb2K1Pr1Br6,-35.12152589,Rb,K,Pr,Br,1,1,3,-1,37,1.66,19,1.52,59,1.13,35,1.82
Rb2K1Pr1Cl6,-39.06442387,Rb,K,Pr,Cl,1,1,3,-1,37,1.66,19,1.52,59,1.13,17,1.67
Rb2K1Pr1F6,-50.72912509,Rb,K,Pr,F,1,1,3,-1,37,1.66,19,1.52,59,1.13,9,1.19
Rb2K1Pr1I6,-30.76869619,Rb,K,Pr,I,1,1,3,-1,37,1.66,19,1.52,59,1.13,53,2.06
Rb2K1Rh1F6,-45.39619709,Rb,K,Rh,F,1,1,3,-1,37,1.66,19,1.52,45,0.805,9,1.19
Rb2K1Ru1F6,-47.13113915,Rb,K,Ru,F,1,1,3,-1,37,1.66,19,1.52,44,0.82,9,1.19
Rb2K1Sb1Br6,-29.437825699999998,Rb,K,Sb,Br,1,1,3,-1,37,1.66,19,1.52,51,0.9,35,1.82
Rb2K1Sb1Cl6,-32.92637583,Rb,K,Sb,Cl,1,1,3,-1,37,1.66,19,1.52,51,0.9,17,1.67
Rb2K1Sb1F6,-44.01617822,Rb,K,Sb,F,1,1,3,-1,37,1.66,19,1.52,51,0.9,9,1.19
Rb2K1Sb1I6,-25.73531527,Rb,K,Sb,I,1,1,3,-1,37,1.66,19,1.52,51,0.9,53,2.06
Rb2K1Sc1Cl6,-40.92273517,Rb,K,Sc,Cl,1,1,3,-1,37,1.66,19,1.52,21,0.885,17,1.67
Rb2K1Sc1F6,-53.70793344,Rb,K,Sc,F,1,1,3,-1,37,1.66,19,1.52,21,0.885,9,1.19
Rb2K1Ta1Br6,-37.134686200000004,Rb,K,Ta,Br,1,1,3,-1,37,1.66,19,1.52,73,0.86,35,1.82
Rb2K1Ta1Cl6,-41.18282008,Rb,K,Ta,Cl,1,1,3,-1,37,1.66,19,1.52,73,0.86,17,1.67
Rb2K1Ta1F6,-52.44909902,Rb,K,Ta,F,1,1,3,-1,37,1.66,19,1.52,73,0.86,9,1.19
Rb2K1Ta1I6,-32.92352274,Rb,K,Ta,I,1,1,3,-1,37,1.66,19,1.52,73,0.86,53,2.06
Rb2K1Ti1F6,-52.63779918,Rb,K,Ti,F,1,1,3,-1,37,1.66,19,1.52,22,0.81,9,1.19
Rb2K1Tl1Br6,-27.54299502,Rb,K,Tl,Br,1,1,3,-1,37,1.66,19,1.52,81,1.025,35,1.82
Rb2K1Tl1F6,-41.12552342,Rb,K,Tl,F,1,1,3,-1,37,1.66,19,1.52,81,1.025,9,1.19
Rb2K1Tl1I6,-23.84899072,Rb,K,Tl,I,1,1,3,-1,37,1.66,19,1.52,81,1.025,53,2.06
Rb2K1V1F6,-52.19404442,Rb,K,V,F,1,1,3,-1,37,1.66,19,1.52,23,0.78,9,1.19
Rb2K1Y1Br6,-36.99552346,Rb,K,Y,Br,1,1,3,-1,37,1.66,19,1.52,39,1.04,35,1.82
Rb2K1Y1Cl6,-41.07504973,Rb,K,Y,Cl,1,1,3,-1,37,1.66,19,1.52,39,1.04,17,1.67
Rb2K1Y1F6,-53.21206741,Rb,K,Y,F,1,1,3,-1,37,1.66,19,1.52,39,1.04,9,1.19
Rb2K1Y1I6,-32.50934371,Rb,K,Y,I,1,1,3,-1,37,1.66,19,1.52,39,1.04,53,2.06
Rb2Li1Al1F6,-50.5585714,Rb,Li,Al,F,1,1,3,-1,37,1.66,3,0.9,13,0.675,9,1.19
Rb2Li1As1F6,-45.3353973,Rb,Li,As,F,1,1,3,-1,37,1.66,3,0.9,33,0.72,9,1.19
Rb2Li1Au1F6,-39.42890889,Rb,Li,Au,F,1,1,3,-1,37,1.66,3,0.9,79,0.99,9,1.19
Rb2Li1Bi1Br6,-30.8276374,Rb,Li,Bi,Br,1,1,3,-1,37,1.66,3,0.9,83,1.17,35,1.82
Rb2Li1Bi1Cl6,-34.48763471,Rb,Li,Bi,Cl,1,1,3,-1,37,1.66,3,0.9,83,1.17,17,1.67
Rb2Li1Bi1F6,-45.81601163,Rb,Li,Bi,F,1,1,3,-1,37,1.66,3,0.9,83,1.17,9,1.19
Rb2Li1Bi1I6,-26.90658131,Rb,Li,Bi,I,1,1,3,-1,37,1.66,3,0.9,83,1.17,53,2.06
Rb2Li1Ce1Br6,-37.26086811,Rb,Li,Ce,Br,1,1,3,-1,37,1.66,3,0.9,58,1.15,35,1.82
Rb2Li1Ce1Cl6,-41.35864534,Rb,Li,Ce,Cl,1,1,3,-1,37,1.66,3,0.9,58,1.15,17,1.67
Rb2Li1Ce1F6,-53.58487561,Rb,Li,Ce,F,1,1,3,-1,37,1.66,3,0.9,58,1.15,9,1.19
Rb2Li1Ce1I6,-32.71541411,Rb,Li,Ce,I,1,1,3,-1,37,1.66,3,0.9,58,1.15,53,2.06
Rb2Li1Co1F6,-46.74466893,Rb,Li,Co,F,1,1,3,-1,37,1.66,3,0.9,27,0.75,9,1.19
Rb2Li1Ga1F6,-46.36515212,Rb,Li,Ga,F,1,1,3,-1,37,1.66,3,0.9,31,0.76,9,1.19
Rb2Li1In1Cl6,-33.83631191,Rb,Li,In,Cl,1,1,3,-1,37,1.66,3,0.9,49,0.94,17,1.67
Rb2Li1In1F6,-45.47572255,Rb,Li,In,F,1,1,3,-1,37,1.66,3,0.9,49,0.94,9,1.19
Rb2Li1Ir1F6,-46.95299256,Rb,Li,Ir,F,1,1,3,-1,37,1.66,3,0.9,77,0.82,9,1.19
Rb2Li1Mn1F6,-51.44449958,Rb,Li,Mn,F,1,1,3,-1,37,1.66,3,0.9,25,0.785,9,1.19
Rb2Li1Mo1Br6,-36.75859534,Rb,Li,Mo,Br,1,1,3,-1,37,1.66,3,0.9,42,0.83,35,1.82
Rb2Li1Mo1Cl6,-40.83639044,Rb,Li,Mo,Cl,1,1,3,-1,37,1.66,3,0.9,42,0.83,17,1.67
Rb2Li1Mo1F6,-52.46641352,Rb,Li,Mo,F,1,1,3,-1,37,1.66,3,0.9,42,0.83,9,1.19
Rb2Li1Mo1I6,-32.53721716,Rb,Li,Mo,I,1,1,3,-1,37,1.66,3,0.9,42,0.83,53,2.06
Rb2Li1Nb1F6,-52.90532716,Rb,Li,Nb,F,1,1,3,-1,37,1.66,3,0.9,41,0.86,9,1.19
Rb2Li1Nd1Br6,-36.30503676,Rb,Li,Nd,Br,1,1,3,-1,37,1.66,3,0.9,60,1.123,35,1.82
Rb2Li1Nd1Cl6,-40.42484146,Rb,Li,Nd,Cl,1,1,3,-1,37,1.66,3,0.9,60,1.123,17,1.67
Rb2Li1Nd1F6,-52.64747324,Rb,Li,Nd,F,1,1,3,-1,37,1.66,3,0.9,60,1.123,9,1.19
Rb2Li1Nd1I6,-31.75159257,Rb,Li,Nd,I,1,1,3,-1,37,1.66,3,0.9,60,1.123,53,2.06
Rb2Li1Ni1F6,-44.71127879,Rb,Li,Ni,F,1,1,3,-1,37,1.66,3,0.9,28,0.74,9,1.19
Rb2Li1Pd1F6,-42.804769799999995,Rb,Li,Pd,F,1,1,3,-1,37,1.66,3,0.9,46,0.9,9,1.19
Rb2Li1Pr1Br6,-36.28598856,Rb,Li,Pr,Br,1,1,3,-1,37,1.66,3,0.9,59,1.13,35,1.82
Rb2Li1Pr1Cl6,-40.37847246,Rb,Li,Pr,Cl,1,1,3,-1,37,1.66,3,0.9,59,1.13,17,1.67
Rb2Li1Pr1F6,-52.50555948,Rb,Li,Pr,F,1,1,3,-1,37,1.66,3,0.9,59,1.13,9,1.19
Rb2Li1Pr1I6,-31.76051025,Rb,Li,Pr,I,1,1,3,-1,37,1.66,3,0.9,59,1.13,53,2.06
Rb2Li1Rh1F6,-46.36994021,Rb,Li,Rh,F,1,1,3,-1,37,1.66,3,0.9,45,0.805,9,1.19
Rb2Li1Ru1F6,-48.17133612,Rb,Li,Ru,F,1,1,3,-1,37,1.66,3,0.9,44,0.82,9,1.19
Rb2Li1Sb1Br6,-30.54508843,Rb,Li,Sb,Br,1,1,3,-1,37,1.66,3,0.9,51,0.9,35,1.82
Rb2Li1Sb1Cl6,-34.18512788,Rb,Li,Sb,Cl,1,1,3,-1,37,1.66,3,0.9,51,0.9,17,1.67
Rb2Li1Sb1F6,-45.68942415,Rb,Li,Sb,F,1,1,3,-1,37,1.66,3,0.9,51,0.9,9,1.19
Rb2Li1Sb1I6,-26.68547308,Rb,Li,Sb,I,1,1,3,-1,37,1.66,3,0.9,51,0.9,53,2.06
Rb2Li1Sc1Cl6,-41.61642953,Rb,Li,Sc,Cl,1,1,3,-1,37,1.66,3,0.9,21,0.885,17,1.67
Rb2Li1Sc1F6,-54.74384627,Rb,Li,Sc,F,1,1,3,-1,37,1.66,3,0.9,21,0.885,9,1.19
Rb2Li1Ta1Br6,-38.12002184,Rb,Li,Ta,Br,1,1,3,-1,37,1.66,3,0.9,73,0.86,35,1.82
Rb2Li1Ta1Cl6,-42.32298802,Rb,Li,Ta,Cl,1,1,3,-1,37,1.66,3,0.9,73,0.86,17,1.67
Rb2Li1Ta1F6,-54.01938189,Rb,Li,Ta,F,1,1,3,-1,37,1.66,3,0.9,73,0.86,9,1.19
Rb2Li1Ta1I6,-33.73473921,Rb,Li,Ta,I,1,1,3,-1,37,1.66,3,0.9,73,0.86,53,2.06
Rb2Li1Ti1F6,-53.64527093,Rb,Li,Ti,F,1,1,3,-1,37,1.66,3,0.9,22,0.81,9,1.19
Rb2Li1Tl1F6,-42.25727118,Rb,Li,Tl,F,1,1,3,-1,37,1.66,3,0.9,81,1.025,9,1.19
Rb2Li1V1F6,-53.16523696,Rb,Li,V,F,1,1,3,-1,37,1.66,3,0.9,23,0.78,9,1.19
Rb2Li1Y1Br6,-38.11840901,Rb,Li,Y,Br,1,1,3,-1,37,1.66,3,0.9,39,1.04,35,1.82
Rb2Li1Y1Cl6,-42.35367835,Rb,Li,Y,Cl,1,1,3,-1,37,1.66,3,0.9,39,1.04,17,1.67
Rb2Li1Y1F6,-54.92963322,Rb,Li,Y,F,1,1,3,-1,37,1.66,3,0.9,39,1.04,9,1.19
Rb2Li1Y1I6,-33.45290899,Rb,Li,Y,I,1,1,3,-1,37,1.66,3,0.9,39,1.04,53,2.06
Rb2Na1Al1F6,-50.06218033,Rb,Na,Al,F,1,1,3,-1,37,1.66,11,1.16,13,0.675,9,1.19
Rb2Na1As1F6,-44.6637513,Rb,Na,As,F,1,1,3,-1,37,1.66,11,1.16,33,0.72,9,1.19
Rb2Na1Au1Br6,-26.43716253,Rb,Na,Au,Br,1,1,3,-1,37,1.66,11,1.16,79,0.99,35,1.82
Rb2Na1Au1F6,-38.69673027,Rb,Na,Au,F,1,1,3,-1,37,1.66,11,1.16,79,0.99,9,1.19
Rb2Na1Bi1Br6,-30.27696271,Rb,Na,Bi,Br,1,1,3,-1,37,1.66,11,1.16,83,1.17,35,1.82
Rb2Na1Bi1Cl6,-33.89607917,Rb,Na,Bi,Cl,1,1,3,-1,37,1.66,11,1.16,83,1.17,17,1.67
Rb2Na1Bi1F6,-45.07502827,Rb,Na,Bi,F,1,1,3,-1,37,1.66,11,1.16,83,1.17,9,1.19
Rb2Na1Bi1I6,-26.4025244,Rb,Na,Bi,I,1,1,3,-1,37,1.66,11,1.16,83,1.17,53,2.06
Rb2Na1Ce1Br6,-36.69421789,Rb,Na,Ce,Br,1,1,3,-1,37,1.66,11,1.16,58,1.15,35,1.82
Rb2Na1Ce1Cl6,-40.75187404,Rb,Na,Ce,Cl,1,1,3,-1,37,1.66,11,1.16,58,1.15,17,1.67
Rb2Na1Ce1F6,-52.83079541,Rb,Na,Ce,F,1,1,3,-1,37,1.66,11,1.16,58,1.15,9,1.19
Rb2Na1Ce1I6,-32.19894967,Rb,Na,Ce,I,1,1,3,-1,37,1.66,11,1.16,58,1.15,53,2.06
Rb2Na1Co1F6,-46.21787754,Rb,Na,Co,F,1,1,3,-1,37,1.66,11,1.16,27,0.75,9,1.19
Rb2Na1Cr1F6,-52.47661605,Rb,Na,Cr,F,1,1,3,-1,37,1.66,11,1.16,24,0.94,9,1.19
Rb2Na1Fe1F6,-48.01744303,Rb,Na,Fe,F,1,1,3,-1,37,1.66,11,1.16,26,0.785,9,1.19
Rb2Na1Ga1F6,-45.79857083,Rb,Na,Ga,F,1,1,3,-1,37,1.66,11,1.16,31,0.76,9,1.19
Rb2Na1In1Br6,-29.44967913,Rb,Na,In,Br,1,1,3,-1,37,1.66,11,1.16,49,0.94,35,1.82
Rb2Na1In1Cl6,-33.29756022,Rb,Na,In,Cl,1,1,3,-1,37,1.66,11,1.16,49,0.94,17,1.67
Rb2Na1In1F6,-44.79904031,Rb,Na,In,F,1,1,3,-1,37,1.66,11,1.16,49,0.94,9,1.19
Rb2Na1Ir1F6,-46.30325592,Rb,Na,Ir,F,1,1,3,-1,37,1.66,11,1.16,77,0.82,9,1.19
Rb2Na1Mn1F6,-50.81796949,Rb,Na,Mn,F,1,1,3,-1,37,1.66,11,1.16,25,0.785,9,1.19
Rb2Na1Mo1Br6,-36.281555100000006,Rb,Na,Mo,Br,1,1,3,-1,37,1.66,11,1.16,42,0.83,35,1.82
Rb2Na1Mo1Cl6,-40.32015652,Rb,Na,Mo,Cl,1,1,3,-1,37,1.66,11,1.16,42,0.83,17,1.67
Rb2Na1Mo1F6,-51.78150009,Rb,Na,Mo,F,1,1,3,-1,37,1.66,11,1.16,42,0.83,9,1.19
Rb2Na1Mo1I6,-32.10878448,Rb,Na,Mo,I,1,1,3,-1,37,1.66,11,1.16,42,0.83,53,2.06
Rb2Na1Nb1F6,-52.18999378,Rb,Na,Nb,F,1,1,3,-1,37,1.66,11,1.16,41,0.86,9,1.19
Rb2Na1Nd1Br6,-35.74713581,Rb,Na,Nd,Br,1,1,3,-1,37,1.66,11,1.16,60,1.123,35,1.82
Rb2Na1Nd1Cl6,-39.82535661,Rb,Na,Nd,Cl,1,1,3,-1,37,1.66,11,1.16,60,1.123,17,1.67
Rb2Na1Nd1F6,-51.90100943,Rb,Na,Nd,F,1,1,3,-1,37,1.66,11,1.16,60,1.123,9,1.19
Rb2Na1Nd1I6,-31.24498585,Rb,Na,Nd,I,1,1,3,-1,37,1.66,11,1.16,60,1.123,53,2.06
Rb2Na1Ni1F6,-44.13222712,Rb,Na,Ni,F,1,1,3,-1,37,1.66,11,1.16,28,0.74,9,1.19
Rb2Na1Pd1F6,-42.10563308,Rb,Na,Pd,F,1,1,3,-1,37,1.66,11,1.16,46,0.9,9,1.19
Rb2Na1Pr1Br6,-35.72551092,Rb,Na,Pr,Br,1,1,3,-1,37,1.66,11,1.16,59,1.13,35,1.82
Rb2Na1Pr1Cl6,-39.77712626,Rb,Na,Pr,Cl,1,1,3,-1,37,1.66,11,1.16,59,1.13,17,1.67
Rb2Na1Pr1F6,-51.75518221,Rb,Na,Pr,F,1,1,3,-1,37,1.66,11,1.16,59,1.13,9,1.19
Rb2Na1Pr1I6,-31.25155564,Rb,Na,Pr,I,1,1,3,-1,37,1.66,11,1.16,59,1.13,53,2.06
Rb2Na1Rh1F6,-45.73546481,Rb,Na,Rh,F,1,1,3,-1,37,1.66,11,1.16,45,0.805,9,1.19
Rb2Na1Ru1F6,-47.50393524,Rb,Na,Ru,F,1,1,3,-1,37,1.66,11,1.16,44,0.82,9,1.19
Rb2Na1Sb1Br6,-29.99190231,Rb,Na,Sb,Br,1,1,3,-1,37,1.66,11,1.16,51,0.9,35,1.82
Rb2Na1Sb1Cl6,-33.59293545,Rb,Na,Sb,Cl,1,1,3,-1,37,1.66,11,1.16,51,0.9,17,1.67
Rb2Na1Sb1F6,-44.97403633,Rb,Na,Sb,F,1,1,3,-1,37,1.66,11,1.16,51,0.9,9,1.19
Rb2Na1Sb1I6,-26.17542154,Rb,Na,Sb,I,1,1,3,-1,37,1.66,11,1.16,51,0.9,53,2.06
Rb2Na1Sc1Cl6,-41.05709955,Rb,Na,Sc,Cl,1,1,3,-1,37,1.66,11,1.16,21,0.885,17,1.67
Rb2Na1Sc1F6,-54.08933156,Rb,Na,Sc,F,1,1,3,-1,37,1.66,11,1.16,21,0.885,9,1.19
Rb2Na1Ta1Br6,-37.61169523,Rb,Na,Ta,Br,1,1,3,-1,37,1.66,11,1.16,73,0.86,35,1.82
Rb2Na1Ta1Cl6,-41.77403374,Rb,Na,Ta,Cl,1,1,3,-1,37,1.66,11,1.16,73,0.86,17,1.67
Rb2Na1Ta1F6,-53.31288917,Rb,Na,Ta,F,1,1,3,-1,37,1.66,11,1.16,73,0.86,9,1.19
Rb2Na1Ta1I6,-33.27898703,Rb,Na,Ta,I,1,1,3,-1,37,1.66,11,1.16,73,0.86,53,2.06
Rb2Na1Ti1F6,-53.00525341,Rb,Na,Ti,F,1,1,3,-1,37,1.66,11,1.16,22,0.81,9,1.19
Rb2Na1Tl1Br6,-27.57708629,Rb,Na,Tl,Br,1,1,3,-1,37,1.66,11,1.16,81,1.025,35,1.82
Rb2Na1Tl1F6,-41.52489015,Rb,Na,Tl,F,1,1,3,-1,37,1.66,11,1.16,81,1.025,9,1.19
Rb2Na1Tl1I6,-23.82520233,Rb,Na,Tl,I,1,1,3,-1,37,1.66,11,1.16,81,1.025,53,2.06
Rb2Na1V1F6,-52.54636221,Rb,Na,V,F,1,1,3,-1,37,1.66,11,1.16,23,0.78,9,1.19
Rb2Na1Y1Br6,-37.57710349,Rb,Na,Y,Br,1,1,3,-1,37,1.66,11,1.16,39,1.04,35,1.82
Rb2Na1Y1Cl6,-41.7701106,Rb,Na,Y,Cl,1,1,3,-1,37,1.66,11,1.16,39,1.04,17,1.67
Rb2Na1Y1F6,-54.21233521,Rb,Na,Y,F,1,1,3,-1,37,1.66,11,1.16,39,1.04,9,1.19
Rb2Na1Y1I6,-32.96325221,Rb,Na,Y,I,1,1,3,-1,37,1.66,11,1.16,39,1.04,53,2.06
Rb2Rb1Al1F6,-49.35236835,Rb,Rb,Al,F,1,1,3,-1,37,1.66,37,1.66,13,0.675,9,1.19
Rb2Rb1As1F6,-43.82856795,Rb,Rb,As,F,1,1,3,-1,37,1.66,37,1.66,33,0.72,9,1.19
Rb2Rb1Au1Br6,-26.06626209,Rb,Rb,Au,Br,1,1,3,-1,37,1.66,37,1.66,79,0.99,35,1.82
Rb2Rb1Au1F6,-37.84633558,Rb,Rb,Au,F,1,1,3,-1,37,1.66,37,1.66,79,0.99,9,1.19
Rb2Rb1Bi1Br6,-29.95149032,Rb,Rb,Bi,Br,1,1,3,-1,37,1.66,37,1.66,83,1.17,35,1.82
Rb2Rb1Bi1Cl6,-33.44880798,Rb,Rb,Bi,Cl,1,1,3,-1,37,1.66,37,1.66,83,1.17,17,1.67
Rb2Rb1Bi1F6,-44.23028505,Rb,Rb,Bi,F,1,1,3,-1,37,1.66,37,1.66,83,1.17,9,1.19
Rb2Rb1Co1F6,-45.53141849,Rb,Rb,Co,F,1,1,3,-1,37,1.66,37,1.66,27,0.75,9,1.19
Rb2Rb1Cr1F6,-51.693122100000004,Rb,Rb,Cr,F,1,1,3,-1,37,1.66,37,1.66,24,0.94,9,1.19
Rb2Rb1Fe1F6,-47.02103463,Rb,Rb,Fe,F,1,1,3,-1,37,1.66,37,1.66,26,0.785,9,1.19
Rb2Rb1Ga1F6,-45.03381648,Rb,Rb,Ga,F,1,1,3,-1,37,1.66,37,1.66,31,0.76,9,1.19
Rb2Rb1In1Br6,-29.16926005,Rb,Rb,In,Br,1,1,3,-1,37,1.66,37,1.66,49,0.94,35,1.82
Rb2Rb1In1Cl6,-32.88595019,Rb,Rb,In,Cl,1,1,3,-1,37,1.66,37,1.66,49,0.94,17,1.67
Rb2Rb1In1F6,-43.95563859,Rb,Rb,In,F,1,1,3,-1,37,1.66,37,1.66,49,0.94,9,1.19
Rb2Rb1Ir1F6,-45.48616529,Rb,Rb,Ir,F,1,1,3,-1,37,1.66,37,1.66,77,0.82,9,1.19
Rb2Rb1Mn1F6,-49.99818718,Rb,Rb,Mn,F,1,1,3,-1,37,1.66,37,1.66,25,0.785,9,1.19
Rb2Rb1Mo1F6,-50.91354624,Rb,Rb,Mo,F,1,1,3,-1,37,1.66,37,1.66,42,0.83,9,1.19
Rb2Rb1Nb1F6,-51.29571021,Rb,Rb,Nb,F,1,1,3,-1,37,1.66,37,1.66,41,0.86,9,1.19
Rb2Rb1Ni1F6,-43.40158068,Rb,Rb,Ni,F,1,1,3,-1,37,1.66,37,1.66,28,0.74,9,1.19
Rb2Rb1Pd1F6,-41.275164600000004,Rb,Rb,Pd,F,1,1,3,-1,37,1.66,37,1.66,46,0.9,9,1.19
Rb2Rb1Rh1F6,-44.94066075,Rb,Rb,Rh,F,1,1,3,-1,37,1.66,37,1.66,45,0.805,9,1.19
Rb2Rb1Ru1F6,-46.66214484,Rb,Rb,Ru,F,1,1,3,-1,37,1.66,37,1.66,44,0.82,9,1.19
Rb2Rb1Sb1Cl6,-33.13960518,Rb,Rb,Sb,Cl,1,1,3,-1,37,1.66,37,1.66,51,0.9,17,1.67
Rb2Rb1Sb1F6,-44.13695419,Rb,Rb,Sb,F,1,1,3,-1,37,1.66,37,1.66,51,0.9,9,1.19
Rb2Rb1Sc1Cl6,-40.58569789,Rb,Rb,Sc,Cl,1,1,3,-1,37,1.66,37,1.66,21,0.885,17,1.67
Rb2Rb1Sc1F6,-53.23604121,Rb,Rb,Sc,F,1,1,3,-1,37,1.66,37,1.66,21,0.885,9,1.19
Rb2Rb1Ta1F6,-52.48182547,Rb,Rb,Ta,F,1,1,3,-1,37,1.66,37,1.66,73,0.86,9,1.19
Rb2Rb1Ti1F6,-52.16694612,Rb,Rb,Ti,F,1,1,3,-1,37,1.66,37,1.66,22,0.81,9,1.19
Rb2Rb1Tl1Br6,-27.27901243,Rb,Rb,Tl,Br,1,1,3,-1,37,1.66,37,1.66,81,1.025,35,1.82
Rb2Rb1Tl1F6,-40.66970774,Rb,Rb,Tl,F,1,1,3,-1,37,1.66,37,1.66,81,1.025,9,1.19
Rb2Rb1Tl1I6,-23.63148062,Rb,Rb,Tl,I,1,1,3,-1,37,1.66,37,1.66,81,1.025,53,2.06
Rb2Rb1V1F6,-51.72406688,Rb,Rb,V,F,1,1,3,-1,37,1.66,37,1.66,23,0.78,9,1.19
Rb2Rb1Y1Br6,-37.21808238,Rb,Rb,Y,Br,1,1,3,-1,37,1.66,37,1.66,39,1.04,35,1.82
Rb2Rb1Y1F6,-53.34520028,Rb,Rb,Y,F,1,1,3,-1,37,1.66,37,1.66,39,1.04,9,1.19
Rb2Rb1Y1I6,-32.74672534,Rb,Rb,Y,I,1,1,3,-1,37,1.66,37,1.66,39,1.04,53,2.06
Rb2Tl1Al1F6,-48.69507207,Rb,Tl,Al,F,1,1,3,-1,37,1.66,81,1.64,13,0.675,9,1.19
Rb2Tl1As1F6,-43.30661406,Rb,Tl,As,F,1,1,3,-1,37,1.66,81,1.64,33,0.72,9,1.19
Rb2Tl1Au1Br6,-26.75749593,Rb,Tl,Au,Br,1,1,3,-1,37,1.66,81,1.64,79,0.99,35,1.82
Rb2Tl1Au1F6,-38.0699169,Rb,Tl,Au,F,1,1,3,-1,37,1.66,81,1.64,79,0.99,9,1.19
Rb2Tl1Bi1Br6,-29.80135468,Rb,Tl,Bi,Br,1,1,3,-1,37,1.66,81,1.64,83,1.17,35,1.82
Rb2Tl1Bi1F6,-43.6940588,Rb,Tl,Bi,F,1,1,3,-1,37,1.66,81,1.64,83,1.17,9,1.19
Rb2Tl1Co1F6,-44.81234018,Rb,Tl,Co,F,1,1,3,-1,37,1.66,81,1.64,27,0.75,9,1.19
Rb2Tl1Cr1F6,-51.09855898,Rb,Tl,Cr,F,1,1,3,-1,37,1.66,81,1.64,24,0.94,9,1.19
Rb2Tl1Fe1F6,-46.72473477,Rb,Tl,Fe,F,1,1,3,-1,37,1.66,81,1.64,26,0.785,9,1.19
Rb2Tl1Ga1F6,-44.41913866,Rb,Tl,Ga,F,1,1,3,-1,37,1.66,81,1.64,31,0.76,9,1.19
Rb2Tl1In1Br6,-28.98221123,Rb,Tl,In,Br,1,1,3,-1,37,1.66,81,1.64,49,0.94,35,1.82
Rb2Tl1In1F6,-43.38376382,Rb,Tl,In,F,1,1,3,-1,37,1.66,81,1.64,49,0.94,9,1.19
Rb2Tl1Ir1F6,-44.91133456,Rb,Tl,Ir,F,1,1,3,-1,37,1.66,81,1.64,77,0.82,9,1.19
Rb2Tl1Mn1F6,-49.57193732,Rb,Tl,Mn,F,1,1,3,-1,37,1.66,81,1.64,25,0.785,9,1.19
Rb2Tl1Mo1F6,-50.31661839,Rb,Tl,Mo,F,1,1,3,-1,37,1.66,81,1.64,42,0.83,9,1.19
Rb2Tl1Nb1F6,-50.70920337,Rb,Tl,Nb,F,1,1,3,-1,37,1.66,81,1.64,41,0.86,9,1.19
Rb2Tl1Ni1F6,-43.19926443,Rb,Tl,Ni,F,1,1,3,-1,37,1.66,81,1.64,28,0.74,9,1.19
Rb2Tl1Pd1F6,-41.10526483,Rb,Tl,Pd,F,1,1,3,-1,37,1.66,81,1.64,46,0.9,9,1.19
Rb2Tl1Rh1F6,-44.41013336,Rb,Tl,Rh,F,1,1,3,-1,37,1.66,81,1.64,45,0.805,9,1.19
Rb2Tl1Ru1F6,-46.09023562,Rb,Tl,Ru,F,1,1,3,-1,37,1.66,81,1.64,44,0.82,9,1.19
Rb2Tl1Sb1F6,-43.6156512,Rb,Tl,Sb,F,1,1,3,-1,37,1.66,81,1.64,51,0.9,9,1.19
Rb2Tl1Sc1F6,-52.63719964,Rb,Tl,Sc,F,1,1,3,-1,37,1.66,81,1.64,21,0.885,9,1.19
Rb2Tl1Ta1F6,-51.94065029,Rb,Tl,Ta,F,1,1,3,-1,37,1.66,81,1.64,73,0.86,9,1.19
Rb2Tl1Ti1F6,-51.56765847,Rb,Tl,Ti,F,1,1,3,-1,37,1.66,81,1.64,22,0.81,9,1.19
Rb2Tl1Tl1Br6,-27.23413919,Rb,Tl,Tl,Br,1,1,3,-1,37,1.66,81,1.64,81,1.025,35,1.82
Rb2Tl1Tl1F6,-40.19382486,Rb,Tl,Tl,F,1,1,3,-1,37,1.66,81,1.64,81,1.025,9,1.19
Rb2Tl1Tl1I6,-23.82063924,Rb,Tl,Tl,I,1,1,3,-1,37,1.66,81,1.64,81,1.025,53,2.06
Rb2Tl1V1F6,-51.12280581,Rb,Tl,V,F,1,1,3,-1,37,1.66,81,1.64,23,0.78,9,1.19
Rb2Tl1Y1Br6,-36.90303747,Rb,Tl,Y,Br,1,1,3,-1,37,1.66,81,1.64,39,1.04,35,1.82
Rb2Tl1Y1I6,-32.60004295,Rb,Tl,Y,I,1,1,3,-1,37,1.66,81,1.64,39,1.04,53,2.06
